ID	X	Y	Width	EdgL	Slp
1886	395403.000401	3687529.000438	0.061717	27.726952	-0.031651
1887	395376.935609	3687519.500005	0.060743	27.724161	0.024542
1888	395529.499968	3687400.500005	0.060113	26.427521	0.061319
1889	395668.499968	3687761.394449	0.032542	12.518286	0.040622
1890	396800.499968	3688601.500005	0.081084	26.665246	0.077922
1891	397188.406299	3688492.374373	0.030314	13.993030	0.048432
1892	394901.499968	3687065.500005	0.056266	15.409399	0.089911
1893	395157.499968	3687003.500005	0.109347	27.726952	0.090299
1894	395483.499968	3687257.500005	0.161242	27.726952	0.141769
1895	395333.499968	3687268.500005	0.108559	27.770886	0.051480
1896	395963.499968	3687298.500005	0.127180	27.724162	0.291496
1897	396348.446144	3688081.446181	0.070922	14.397962	0.029225
1898	397030.499968	3688214.500005	0.148053	27.188639	0.122757
1899	396818.499968	3689147.500005	0.182319	28.384650	0.368121
1900	396988.499968	3688424.500005	0.076559	14.047121	0.094574
1901	397124.499968	3688761.500005	0.122709	27.254061	0.053794
1902	397181.499968	3688422.500005	0.100681	12.000000	0.031225
1903	397548.499968	3687812.500005	0.128722	27.958700	0.103426
1904	395417.499968	3688299.500005	0.256591	29.171573	0.533155
1905	395601.499968	3688092.500005	0.255052	27.719657	0.289820
1906	395928.499968	3687406.500005	0.132284	11.726952	0.164505
1907	395948.499968	3688275.500005	0.190851	24.862009	0.128588
1908	396081.499968	3688552.500005	0.188987	27.077405	0.179040
1909	397002.499968	3689116.500005	0.223847	28.229446	0.296979
1910	397782.499968	3688263.500005	0.220842	27.352479	0.250920
1911	395124.499968	3688250.500005	0.209821	27.726951	0.414360
1912	395240.499968	3687140.500005	0.293916	25.131956	0.082443
1913	395300.499968	3688409.500005	0.302650	27.958700	0.427995
1914	395844.499968	3687820.500005	0.225289	28.161317	0.042575
1915	395709.499968	3687965.500005	0.224747	27.514719	0.101390
1916	395892.499968	3688662.500005	0.271129	26.847418	0.381060
1917	396079.499968	3687245.500005	0.308298	26.862066	0.340769
1918	396284.499968	3688328.500005	0.176004	10.076810	0.029204
1919	396958.499968	3687836.500005	0.224512	27.884953	0.438609
1920	397402.499968	3688171.500005	0.307792	27.726951	0.325829
1921	395745.499968	3687386.500005	0.308715	27.188639	0.126024
1922	395858.499968	3687039.500005	0.291513	28.753725	0.234253
1923	395785.499968	3688595.500005	0.303518	27.230351	0.503575
1924	396244.499968	3687922.500005	0.264741	24.215984	0.094165
1925	396203.499968	3688762.500005	0.331304	27.989951	0.558759
1926	396481.499968	3689007.500005	0.283288	27.514719	0.281350
1927	396649.499968	3688861.500005	0.269917	27.655790	0.252266
1928	396889.499968	3689228.500005	0.326194	27.859616	0.463405
1929	397122.499968	3689521.500005	0.277844	27.757391	0.332108
1930	397288.499968	3688642.500005	0.236727	27.178599	0.023675
1931	397347.499968	3687989.500005	0.316318	28.229446	0.415019
1932	397635.499968	3688827.500005	0.254198	26.168408	0.040226
1933	396029.499968	3687712.500005	0.346934	28.913417	0.068014
1934	396484.499968	3688401.500005	0.261178	13.660288	0.092822
1935	396851.499968	3687494.500005	0.308209	25.645249	0.474549
1936	395441.499968	3686772.500005	0.315043	27.067124	0.306180
1937	395261.499968	3687999.500005	0.253162	26.862388	0.145410
1938	395614.499968	3688494.500005	0.370595	26.743636	0.352931
1939	395890.499968	3687442.558879	0.091693	27.181513	0.185826
1940	396006.499968	3688770.500005	0.334615	28.413622	0.366478
1941	396633.499968	3687617.500005	0.380774	28.324506	0.314960
1942	396415.499968	3688434.500005	0.331468	27.837192	0.096518
1943	396651.499968	3688366.500005	0.338801	27.412956	0.034137
1944	395429.499968	3688105.500005	0.370608	27.837192	0.258897
1945	395516.499968	3688539.500005	0.389331	28.229446	0.451405
1946	396490.499968	3687447.500005	0.399525	27.811331	0.386717
1947	396371.499968	3687322.500005	0.339078	28.687523	0.331003
1948	396788.499968	3689394.500005	0.335295	28.413621	0.297200
1949	397370.499968	3688431.500005	0.282413	25.329619	0.101753
1950	395806.499968	3686963.500005	0.370418	27.401509	0.279851
1951	396027.499968	3687942.500005	0.336936	28.559530	0.234961
1952	396249.499968	3687263.500005	0.425426	27.692989	0.491836
1953	396241.499968	3688912.500005	0.387455	27.231794	0.194963
1954	397103.499968	3687747.500005	0.336290	27.979326	0.404779
1955	395192.499968	3688344.500005	0.459149	29.171573	0.427978
1956	395567.499968	3687245.500005	0.448326	26.278151	0.158737
1957	395636.499968	3688445.269557	0.108001	11.295967	0.366352
1958	396579.499968	3689161.500005	0.421900	28.544294	0.310854
1959	397490.499968	3688881.500005	0.450950	27.770886	0.048349
1960	395464.499968	3687802.500005	0.409088	27.716386	0.048605
1961	397578.499968	3688498.500005	0.374386	28.094241	0.061308
1962	396850.499968	3687995.321289	0.058091	27.005304	0.276799
1963	395635.499968	3687261.500005	0.394383	27.692989	0.186500
1964	395440.283193	3687377.716779	0.045428	26.373501	0.069730
1965	396807.499968	3688059.652241	0.066976	26.781269	-0.255893
1966	396795.499968	3688084.681679	0.064748	28.413621	0.136397
1967	396885.499968	3687784.500005	0.295000	27.724161	0.440193
1968	397355.499968	3687724.500005	0.552789	28.278026	0.321333
1969	395644.656962	3687740.264119	0.036464	12.624009	0.051950
1970	396843.695927	3688228.500005	0.055420	27.824115	0.201505
1971	395337.796432	3687850.203540	0.123783	24.714552	0.115863
1972	395303.290335	3687846.709637	0.058076	27.730463	-0.121666
1973	396011.499968	3688185.097984	0.118882	26.384148	-0.099088
1974	396026.499968	3688162.482761	0.059269	26.988505	0.089684
1975	396130.499968	3688288.524391	0.113724	27.727472	0.079070
1976	396987.499968	3688507.056354	0.176734	25.892214	0.054176
1977	395373.914181	3687457.500005	0.066904	13.602681	-0.023685
1978	395347.227890	3687449.500005	0.082089	27.717168	0.018171
1979	395131.600473	3687013.399500	0.128761	27.057274	0.089163
1980	395428.899896	3687538.899933	0.089278	32.197653	0.185106
1981	395351.077745	3687509.500005	0.092134	27.280532	0.042330
1982	397004.227890	3688221.500005	0.162640	26.984406	0.115210
1983	396817.153250	3688236.846722	0.074521	27.218425	0.153065
1984	397136.813676	3688737.186296	0.141023	26.468071	0.091943
1985	397181.312630	3688480.312667	0.040980	13.790552	-0.000865
1986	396340.766847	3688069.267112	0.074221	8.000000	0.109005
1987	395505.470530	3687411.500005	0.082732	26.642252	0.066902
1988	395829.964434	3687035.964471	0.319887	27.130228	0.261603
1989	397274.943618	3688618.943655	0.252423	14.599240	0.016468
1990	395663.619137	3687749.866875	0.037744	7.389311	0.074253
1991	396285.272824	3688318.452876	0.182800	8.000000	0.308189
1992	395458.186259	3687268.813713	0.176616	24.911214	0.130529
1993	395307.227890	3687277.500005	0.119744	18.542475	0.066687
1994	394896.233912	3687079.981657	0.062133	8.000000	0.215095
1995	396976.575346	3688417.075383	0.082727	14.047120	0.110010
1996	397169.499968	3688422.500005	0.104643	16.000000	0.042316
1997	395417.499968	3688270.328432	0.268501	28.372967	0.358527
1998	396032.499968	3687741.257364	0.435076	24.206588	0.042676
1999	395964.499968	3688256.470567	0.196344	11.670818	0.136993
2000	396825.600473	3688610.500005	0.205219	27.946829	0.089396
2001	396834.763423	3689124.236549	0.221749	28.614275	0.313997
2002	397562.499968	3687836.701015	0.166595	28.121374	0.117867
2003	397788.499968	3688290.186296	0.233151	26.348326	0.118258
2004	395917.793683	3687411.285071	0.136511	16.000000	0.206312
2005	395816.985249	3687814.500005	0.305248	27.496762	0.031159
2006	395612.499968	3688067.056354	0.321973	28.711304	0.244657
2007	395915.813676	3688649.186296	0.283136	28.753725	0.366592
2008	396059.064939	3687262.935033	0.315811	26.635881	0.398107
2009	396945.064939	3687860.935033	0.235702	27.811332	0.404713
2010	397008.156822	3689088.843150	0.255194	26.386219	0.267212
2011	397391.186259	3688196.813713	0.318915	28.223416	0.326970
2012	395134.399462	3688224.600510	0.223255	27.721799	0.426203
2013	395233.692356	3687164.692393	0.329403	25.889778	0.077407
2014	395314.499968	3688385.298994	0.355901	27.724161	0.522959
2015	395937.642103	3687308.500005	0.321261	26.189066	0.258355
2016	396089.399462	3688526.600510	0.211390	27.758624	0.198452
2017	397134.499968	3689496.470567	0.288162	28.089593	0.323358
2018	397323.943618	3688005.056354	0.327315	27.744955	0.303287
2019	395719.227890	3687393.500005	0.332148	26.613778	0.114933
2020	395709.499968	3687937.985286	0.263763	27.118949	0.087344
2021	395809.943618	3688583.500005	0.343488	27.934910	0.418687
2022	396210.499968	3688735.399500	0.367682	27.770886	0.389472
2023	396481.499968	3688979.985286	0.307415	26.488211	0.320476
2024	396672.642103	3688846.357869	0.291336	27.749457	0.346757
2025	395415.642103	3686780.500005	0.323213	27.514718	0.269532
2026	395619.499968	3688468.227927	0.375804	26.291526	0.277470
2027	395879.558842	3687467.441130	0.112765	27.544662	0.142596
2028	396008.499968	3688742.156859	0.343222	27.330239	0.284681
2029	396637.772045	3688342.772083	0.345866	26.993232	0.031346
2030	396834.499968	3687513.701015	0.343201	27.803951	0.531694
2031	396897.499968	3689201.813713	0.403511	27.770886	0.329419
2032	396477.999968	3688389.485286	0.269770	13.660288	0.100728
2033	395265.985249	3687973.014723	0.275385	27.917700	0.170128
2034	395416.499968	3688080.884781	0.375424	22.083340	0.063934
2035	396477.772045	3687472.227927	0.408436	28.383916	0.553288
2036	396617.499968	3687640.872588	0.401185	26.884791	0.328857
2037	396816.843113	3689396.500005	0.343201	27.216132	0.275928
2038	397347.227890	3688441.500005	0.286420	14.064515	0.124698
2039	397640.499968	3688801.813713	0.317952	27.843097	0.007759
2040	395532.056317	3688515.943655	0.415490	29.198481	0.392483
2041	395784.357832	3686979.642140	0.376622	27.014286	0.308153
2042	396044.470530	3687919.529442	0.344926	27.726952	0.095994
2043	396228.943618	3687282.056354	0.431565	29.198481	0.386155
2044	396220.470530	3687925.500005	0.326430	26.208953	0.078109
2045	396350.499968	3687342.044160	0.374541	27.784703	0.384634
2046	396263.934996	3688897.064976	0.394582	28.145734	0.394518
2047	395192.499968	3688315.328432	0.464697	27.032882	0.399536
2048	395550.479152	3687265.520820	0.453115	26.429930	0.133063
2049	396599.177637	3689140.822335	0.428002	27.448003	0.540146
2050	397481.499968	3688855.227927	0.456784	27.829298	0.010481
2051	395640.224463	3688434.605270	0.110052	8.000000	0.343857
2052	395475.106569	3687776.893403	0.424932	27.897565	0.053564
2053	396428.499968	3688409.884781	0.417916	27.426409	0.074106
2054	397572.136006	3688525.863966	0.379359	27.446062	0.086086
2055	396827.898416	3688010.101556	0.080072	36.991501	0.036382
2056	395614.943618	3687280.056354	0.400357	27.401508	0.195336
2057	396813.499968	3688033.551736	0.118175	40.865004	0.054930
2058	395413.921324	3687378.500005	0.060768	13.968522	0.003618
2059	396797.499968	3688113.024824	0.087474	27.118950	0.159634
2060	397089.357832	3687771.642140	0.423000	27.728232	0.420252
2061	396875.499968	3687810.357869	0.317494	29.485125	0.377742
2062	397336.529405	3687745.470567	0.557619	28.094242	0.385695
2063	395632.156822	3687738.500005	0.157841	14.620027	0.026716
2064	395293.499968	3687872.654334	0.095621	30.686983	-0.073381
2065	395324.846685	3687829.153288	0.132188	15.651993	0.137175
2066	396015.884744	3688211.115228	0.137863	25.694320	-0.086522
2067	396035.499968	3688137.039110	0.084816	28.267549	0.084825
2068	396140.382219	3688262.617754	0.133661	26.847418	0.079877
2069	396976.579657	3688483.579694	0.188755	24.548562	0.001809
2070	395387.509099	3687457.959513	0.085365	16.000001	-0.018337
2071	395321.700978	3687438.701015	0.111454	15.037327	0.022340
2072	395326.887702	3687496.887740	0.108918	26.263100	0.029984
2073	395803.056317	3687032.500005	0.327857	26.851148	0.229523
2074	396796.011115	3688253.988857	0.083182	21.564160	0.084223
2075	395401.788550	3687385.422100	0.069073	13.968522	0.094119
2076	397170.380433	3688471.906336	0.072118	13.790552	0.141072
2077	397265.397677	3688607.897714	0.255255	14.599241	0.044575
2078	395123.499968	3687039.215733	0.144203	25.940101	0.089575
2079	396070.370025	3687909.629947	0.358257	27.829594	0.044648
2080	396977.541598	3688225.500005	0.194923	26.442808	0.123561
2081	396285.886396	3688310.476440	0.183702	7.999999	0.264599
2082	395434.044123	3687274.955849	0.188196	27.077405	0.103547
2083	396964.650725	3688409.650762	0.085401	5.118433	0.077593
2084	395388.127385	3686780.500005	0.394755	27.958700	0.322284
2085	395412.499968	3688242.399500	0.276967	27.729182	0.355610
2086	396010.127385	3687750.500005	0.440924	26.992667	0.041239
2087	395903.186259	3687417.813713	0.145822	28.374596	0.063038
2088	396853.441093	3689102.558879	0.231588	26.053480	0.289099
2089	397577.499968	3687860.487811	0.179493	28.092717	0.303145
2090	397784.177637	3688316.177674	0.244968	25.903068	0.079598
2091	395484.751230	3687428.248742	0.157269	23.892410	0.076038
2092	395938.491346	3688631.508627	0.292750	27.524000	0.361962
2093	396042.337017	3687283.662956	0.322212	27.979326	0.350314
2094	396853.529405	3688609.500005	0.239100	27.406813	0.054530
2095	397385.499968	3688224.458374	0.326407	28.372967	0.260731
2096	395969.246417	3688245.808521	0.202672	8.000000	0.156204
2097	395144.499968	3688198.784276	0.231876	27.859616	0.393181
2098	395221.441093	3687187.500005	0.333582	24.145590	0.062100
2099	395794.993871	3687797.993908	0.324075	28.828427	0.025292
2100	395919.499968	3687327.387306	0.331025	27.122837	0.190785
2101	396936.579657	3687887.420315	0.271950	28.828427	0.258676
2102	397011.349210	3689062.650762	0.272672	27.406373	0.211222
2103	397137.499968	3689468.541635	0.292134	13.967251	0.356307
2104	397297.855307	3688014.500005	0.335618	27.859616	0.290769
2105	395324.499968	3688359.441130	0.375345	27.946829	0.462651
2106	395613.357832	3688038.357869	0.352768	27.716386	0.245290
2107	395708.499968	3687910.884781	0.274465	27.320576	0.103985
2108	396098.591851	3688500.408122	0.235525	27.076506	0.204956
2109	396219.499968	3688709.127422	0.374586	27.757391	0.312131
2110	395692.822298	3687390.177674	0.379553	26.282767	0.115499
2111	396471.499968	3688377.470567	0.271531	9.589517	0.000506
2112	396615.508589	3688327.508627	0.353476	28.159665	0.034267
2113	396478.650725	3688953.650762	0.328349	27.890236	0.198331
2114	396906.499968	3689175.541635	0.410546	27.724161	0.303389
2115	395874.499968	3687494.517249	0.160918	26.148225	0.136699
2116	396697.730415	3688834.500005	0.327820	27.118949	0.280091
2117	396842.520783	3689405.520820	0.350640	27.756175	0.364241
2118	397624.499968	3688779.026917	0.325691	24.972926	0.022963
2119	397335.343113	3688449.020820	0.287577	7.032257	0.130702
2120	395554.148200	3688496.851772	0.424207	28.966846	0.368701
2121	395758.751230	3686988.248742	0.379732	17.412117	0.236406
2122	396195.855307	3687934.500005	0.333534	27.943428	0.052351
2123	396459.801483	3687494.198489	0.433922	27.801108	0.532036
2124	396338.094376	3687366.905596	0.381850	28.863094	0.386779
2125	396292.044123	3688898.500005	0.401448	28.774742	0.412726
2126	396603.922803	3687664.077169	0.417858	27.883508	0.272115
2127	396830.499968	3687541.215733	0.390202	26.970482	0.500900
2128	395534.458337	3687286.541635	0.457353	26.410775	0.131306
2129	396002.470530	3688715.500005	0.409900	27.005531	0.357220
2130	396206.851735	3687301.148237	0.446377	28.384651	0.414711
2131	395642.862215	3688427.052637	0.110637	3.773693	0.315552
2132	395191.692356	3688288.307616	0.480874	27.110185	0.344886
2133	395273.499968	3687946.127422	0.318191	26.124189	0.142898
2134	395836.884744	3688576.115228	0.468568	27.811331	0.395827
2135	397468.579657	3688830.579694	0.473420	27.012117	0.057592
2136	395478.763423	3687749.236549	0.429847	27.743358	0.065245
2137	396621.245134	3689124.500005	0.463879	27.717071	0.346645
2138	396447.901988	3688390.500005	0.420458	16.000001	0.080774
2139	395598.801483	3687302.198489	0.405815	27.656855	0.144204
2140	396798.499968	3688140.125330	0.106158	28.343145	0.203892
2141	396874.186259	3687839.813713	0.340258	29.011935	0.377865
2142	397079.499968	3687797.558879	0.469342	27.724161	0.301552
2143	397551.286764	3688543.713208	0.396252	19.243923	-0.045193
2144	397321.680162	3687769.319810	0.661042	26.759146	0.286030
2145	395617.571035	3687739.500005	0.162480	14.620026	0.012574
2146	395332.499968	3687815.500005	0.157162	21.017514	0.091635
2147	395999.278142	3688230.721830	0.172131	11.884954	-0.127658
2148	396053.089325	3688114.910647	0.106663	25.943184	0.076319
2149	396153.695927	3688239.304045	0.182916	26.954428	0.086490
2150	395403.499968	3687458.500005	0.095076	7.999999	-0.050442
2151	395311.499968	3687475.604694	0.123320	28.372967	0.054581
2152	396171.609095	3687920.609132	0.339914	22.903241	0.079518
2153	397802.499968	3688334.487811	0.251906	27.634481	0.134909
2154	395389.655776	3687392.344196	0.072685	6.917594	0.087010
2155	395779.499968	3687019.612703	0.344683	26.033173	0.209440
2156	397255.851735	3688596.851772	0.265159	27.980378	0.053502
2157	397159.448236	3688463.500005	0.082574	20.831068	0.037768
2158	396951.269520	3688228.500005	0.209247	27.770886	0.118913
2159	395127.094376	3687064.905596	0.176768	26.954748	0.073931
2160	396064.169015	3687882.500005	0.367767	27.717544	0.034699
2161	395411.357676	3687460.002142	0.101745	8.363598	-0.036864
2162	396961.801772	3688405.398489	0.086365	5.118434	0.140412
2163	395363.926374	3686794.500005	0.401022	28.413621	0.264509
2164	395401.115191	3688217.115228	0.285901	27.737879	0.383391
2165	396873.754802	3689086.245171	0.241024	29.129904	0.295769
2166	395408.144628	3687282.855344	0.259119	26.493148	0.086674
2167	395985.801483	3687738.801520	0.447052	28.242641	0.031070
2168	395961.926374	3688617.073598	0.301445	28.559530	0.250357
2169	396028.194881	3687307.805091	0.328112	27.811331	0.367692
2170	396875.662918	3688593.337054	0.250028	27.758625	0.043942
2171	395152.499968	3688172.097984	0.236857	13.994975	0.431630
2172	395774.609095	3687777.609132	0.331913	26.654417	0.026566
2173	395920.508589	3687354.491383	0.335374	16.000000	0.216471
2174	396916.194881	3687907.805091	0.283622	26.950183	0.328743
2175	397027.487774	3689040.500005	0.279627	23.738652	0.205228
2176	395203.499968	3687203.659384	0.342486	12.492000	0.058570
2177	395700.700978	3687884.701015	0.282977	27.231795	0.080108
2178	397271.169015	3688022.500005	0.360081	25.393589	0.209122
2179	397380.499968	3688252.387306	0.377738	25.996278	0.264468
2180	395323.499968	3688331.512198	0.390330	28.774741	0.464699
2181	395669.922803	3687403.077169	0.386293	26.667272	0.095316
2182	395602.751230	3688012.751267	0.380534	27.833388	0.227615
2183	395868.123813	3687519.876159	0.179038	28.208405	0.156415
2184	397329.400725	3688452.781228	0.288135	7.032257	0.136777
2185	396465.504064	3688369.986720	0.275023	16.000000	0.168930
2186	396231.499968	3688684.097984	0.425254	27.627647	0.321769
2187	396587.997442	3688321.500005	0.395110	27.188639	0.041544
2188	396828.077132	3687568.077169	0.396808	27.342844	0.398446
2189	396916.499968	3689149.683771	0.442851	28.028430	0.280653
2190	397607.754802	3688760.500005	0.343520	27.859616	0.005843
2191	396442.245134	3687515.754839	0.456971	27.743770	0.389243
2192	396590.499968	3687688.517249	0.432491	26.753843	0.294487
2193	396477.499968	3688925.784276	0.387689	27.118949	0.280430
2194	395190.236512	3688261.236549	0.486170	28.453493	0.338411
2195	395524.144628	3687310.855344	0.468681	28.030134	0.073727
2196	395572.532976	3688474.466996	0.464381	27.884954	0.408033
2197	395997.499968	3688688.955849	0.425498	27.118949	0.306547
2198	396320.801483	3688897.500005	0.442888	26.552721	0.377198
2199	396724.830920	3688835.500005	0.377631	25.769765	0.261781
2200	395490.499968	3687724.097984	0.431674	9.106330	0.078818
2201	395861.612666	3688563.387306	0.483884	27.778790	0.361736
2202	396190.588279	3687324.411693	0.474526	27.660121	0.382026
2203	396316.709600	3687386.290373	0.434305	28.157168	0.249684
2204	397476.499968	3688804.754839	0.495125	27.989951	0.069942
2205	396867.558842	3689417.500005	0.444413	28.372967	0.251745
2206	396448.029448	3688374.500512	0.421549	8.598760	0.197030
2207	397592.340588	3687884.340625	0.341253	27.875593	0.469167
2208	395579.245134	3687321.754839	0.411511	26.779481	0.123693
2209	396646.926374	3689114.073598	0.543127	28.229446	0.262071
2210	396798.499968	3688168.468475	0.124937	25.148126	0.120486
2211	396871.499968	3687868.701015	0.347631	27.803951	0.304156
2212	397069.499968	3687823.416743	0.477201	28.624010	0.327659
2213	397308.311151	3687792.500005	0.675522	28.420698	0.340831
2214	395602.985249	3687740.500005	0.209268	14.186483	0.009426
2215	395277.662918	3687920.337054	0.323431	23.558480	0.143951
2216	395987.864913	3688234.036996	0.203479	16.000000	-0.073610
2217	396077.110141	3688105.110178	0.127299	27.802220	0.198210
2218	396167.716742	3688216.283230	0.193367	27.884954	0.068951
2219	395349.014686	3687802.500005	0.173270	22.964139	0.067957
2220	395306.499968	3687447.675762	0.131981	16.298930	0.251277
2221	395757.973056	3687004.973093	0.349293	18.684272	0.211281
2222	395965.830920	3687718.830957	0.454211	27.401510	0.028554
2223	395846.499968	3687537.990337	0.193861	27.989951	0.115416
2224	397139.499968	3688457.500005	0.144713	18.110770	0.108047
2225	397239.295386	3688574.295423	0.271570	27.418325	0.059996
2226	395335.583229	3686796.500005	0.419402	28.574968	0.252773
2227	395748.830920	3687770.830957	0.349140	26.226955	0.025736
2228	396901.855307	3688584.144666	0.275584	25.801639	0.049484
2229	396157.538027	3687902.538064	0.364080	27.720320	0.052979
2230	396924.997442	3688219.500005	0.221743	27.989951	0.134021
2231	395116.366454	3687089.633518	0.189811	26.790806	0.094491
2232	396958.952819	3688401.146215	0.086952	4.000000	0.082749
2233	397785.499968	3688356.274608	0.262531	27.624290	0.113258
2234	395389.499968	3688191.926411	0.311065	27.587311	0.368343
2235	395978.896937	3688594.103035	0.308693	26.433844	0.263288
2236	396015.466959	3687332.533013	0.331539	11.361248	0.356135
2237	396894.846685	3689066.153288	0.268409	28.094241	0.238095
2238	396898.499968	3687928.132472	0.292558	28.098620	0.303032
2239	395911.807568	3687367.918677	0.337201	11.082654	0.198322
2240	395155.999968	3688158.547732	0.238583	6.997488	0.474099
2241	397247.068510	3688030.500005	0.364016	15.944501	0.208747
2242	395192.499968	3687209.579694	0.343115	4.492001	0.026333
2243	395388.382219	3687300.500005	0.309424	26.165420	0.070111
2244	395645.825869	3687414.500005	0.405098	27.770886	0.071775
2245	395685.265949	3687862.265986	0.314840	26.380135	0.055813
2246	397038.437522	3689019.437559	0.379936	14.937685	0.200998
2247	395322.499968	3688302.754839	0.423319	27.770886	0.354670
2248	395594.499968	3687986.169052	0.400151	27.557891	0.192415
2249	396561.725364	3688314.500005	0.402462	27.514718	0.028112
2250	397323.458337	3688456.541635	0.289719	13.549466	0.153515
2251	397378.680162	3688278.319810	0.443598	27.963416	0.217174
2252	396246.499968	3688660.896974	0.447047	28.372967	0.296236
2253	396581.825869	3687713.825906	0.439613	27.716483	0.294906
2254	396476.499968	3688898.683771	0.395204	28.071593	0.344191
2255	396828.499968	3687595.416743	0.414120	28.624010	0.341979
2256	396917.680162	3689121.680199	0.455561	26.613223	0.287441
2257	397581.068510	3688752.500005	0.378647	25.788475	0.007923
2258	395190.499968	3688232.784276	0.491806	27.954551	0.361920
2259	395505.881172	3687332.118800	0.475149	27.293199	0.093041
2260	395596.968005	3688461.031967	0.469030	29.198481	0.375963
2261	396038.659347	3687871.659384	0.374390	27.726952	0.029013
2262	395998.499968	3688661.855344	0.431822	26.957454	0.299374
2263	396430.499968	3687540.889832	0.470992	26.761131	0.303648
2264	395887.931425	3688554.500005	0.489719	28.161317	0.284851
2265	396168.838063	3687341.500005	0.479606	27.754289	0.278726
2266	396745.031930	3688819.500005	0.395726	25.629020	0.249896
2267	396294.423849	3687403.500005	0.450254	26.007758	0.288786
2268	397469.499968	3688777.654334	0.506158	26.982037	0.019122
2269	396448.097947	3688365.902025	0.428511	11.197493	0.115908
2270	396895.487774	3689422.500005	0.468299	26.633247	0.285600
2271	396344.148200	3688884.851772	0.538509	27.010565	0.318716
2272	395556.499968	3687335.889832	0.417991	26.757606	0.119321
2273	397591.499968	3687912.203540	0.361515	27.109695	0.578071
2274	396662.482724	3689090.517249	0.569959	27.884953	0.343474
2275	396802.744087	3688193.255885	0.137734	28.254233	0.184759
2276	397073.499968	3687851.759889	0.483426	27.748366	0.295995
2277	396867.499968	3687896.215733	0.374605	28.432378	0.301469
2278	397290.499968	3687814.647191	0.704450	28.251042	0.381344
2279	395589.020783	3687743.000005	0.210617	7.093242	0.040438
2280	396104.877601	3688106.500005	0.135841	16.126325	0.122253
2281	396181.151771	3688191.848201	0.233278	27.979327	0.049803
2282	395348.499968	3687779.541635	0.186551	23.862210	0.081758
2283	395727.688784	3687755.311188	0.356928	26.560896	0.022724
2284	397224.324823	3688551.324860	0.277825	27.101868	0.059063
2285	397770.517211	3688379.482761	0.271444	27.726951	0.123464
2286	397558.796432	3688739.500005	0.382047	14.353298	0.191434
2287	397232.040252	3688025.172852	0.365385	8.000000	0.344734
2288	395943.688784	3687702.688821	0.479420	27.726951	0.023694
2289	395188.544476	3687211.708580	0.345433	8.000000	0.078835
2290	396907.499968	3688558.968042	0.281234	28.848552	0.049782
2291	396132.110141	3687891.500005	0.368257	17.723380	0.033343
2292	396897.896937	3688226.500005	0.232310	28.109979	0.087129
2293	395103.499968	3687113.132472	0.201762	24.358111	0.124027
2294	395307.316201	3686800.683771	0.472914	26.993232	0.241989
2295	396956.726393	3688397.823110	0.087353	3.999999	0.110184
2296	395387.499968	3688164.411693	0.320594	29.425423	0.298344
2297	395997.676591	3688575.500005	0.312938	15.844355	0.320655
2298	396918.695927	3689051.304045	0.276731	27.884954	0.247435
2299	395905.780667	3687377.219305	0.337797	8.794933	0.212841
2300	395157.749968	3688151.772606	0.239313	6.997489	0.506372
2301	396881.499968	3687950.505055	0.338377	32.958751	0.137888
2302	395362.524354	3687304.500005	0.317964	27.587311	0.046887
2303	395619.553791	3687423.500005	0.411559	25.295828	0.100702
2304	395684.499968	3687835.896974	0.321201	25.086517	0.061274
2305	395853.499968	3687565.090842	0.206386	27.483903	0.091979
2306	395599.499968	3687959.068547	0.409324	27.936076	0.152556
2307	397371.499968	3688305.345676	0.449962	27.334788	0.278604
2308	395331.499968	3688276.482761	0.443305	27.946830	0.384995
2309	396251.499968	3688632.968042	0.452505	27.135117	0.272236
2310	396534.210646	3688314.500005	0.422786	27.855840	0.046674
2311	396933.047695	3689099.952277	0.462744	26.952322	0.235467
2312	395484.838063	3687349.500005	0.480261	27.902541	0.080100
2313	396592.499968	3687739.404550	0.453035	28.106275	0.230490
2314	396012.759852	3687861.759889	0.393397	27.231795	0.023989
2315	396491.219268	3688874.780705	0.425172	27.725989	0.301641
2316	396770.482724	3688822.517249	0.412126	27.218426	0.181110
2317	395915.446144	3688548.500005	0.513137	25.123481	0.321583
2318	396428.499968	3687567.576123	0.523600	25.707761	0.274566
2319	396282.425328	3687426.574644	0.463411	24.494897	0.280584
2320	396916.219268	3689439.219305	0.474385	26.954428	0.277172
2321	396008.269520	3688636.730452	0.509480	28.070988	0.212002
2322	397474.499968	3688751.139615	0.517577	13.793655	-0.039580
2323	397607.260898	3687934.260935	0.368350	27.426358	0.564353
2324	396145.889794	3687357.110178	0.531637	27.758624	0.269278
2325	396360.583229	3688863.416743	0.569017	27.218425	0.326866
2326	395187.044123	3688205.044160	0.621490	27.726951	0.362568
2327	396824.499968	3687623.759889	0.540664	27.837192	0.375069
2328	395543.909130	3687359.500005	0.467484	27.262335	0.100033
2329	396686.917752	3689077.082220	0.657853	25.686278	0.241750
2330	396862.751230	3687924.248742	0.380591	27.979327	0.202629
2331	397082.876122	3687877.876159	0.495987	27.979327	0.339480
2332	397274.839542	3687838.160430	0.721876	27.726952	0.271208
2333	395582.038550	3687744.250005	0.222315	7.093242	0.024420
2334	396188.222839	3688164.777133	0.243038	25.485858	0.090575
2335	395362.662918	3687760.337054	0.210831	23.812707	0.082799
2336	395701.910610	3687748.910647	0.362479	28.753726	0.003252
2337	397209.499968	3688528.637090	0.281831	13.979350	0.055203
2338	397759.203503	3688404.796469	0.280303	27.741805	0.117933
2339	395918.375076	3687691.375113	0.497004	27.758624	0.036606
2340	396870.416706	3688220.583266	0.238865	17.684973	0.013940
2341	395093.210646	3687135.210683	0.209204	23.017837	0.152166
2342	395285.052745	3686815.947227	0.478452	26.247070	0.289709
2343	395388.976627	3688135.023345	0.329899	28.384650	0.361540
2344	396943.130956	3689037.869016	0.281077	13.368995	0.169514
2345	396013.507006	3688576.164495	0.313949	8.000001	0.275352
2346	395900.397016	3687384.173954	0.338196	8.000000	0.308060
2347	395335.009636	3687306.500005	0.326374	24.879916	0.040037
2348	395597.499968	3687435.889832	0.417361	28.067242	0.062077
2349	395689.654296	3687811.345676	0.326252	27.600438	0.039512
2350	395853.574607	3687592.574644	0.215681	26.151930	0.091192
2351	395592.123813	3687932.123850	0.417961	26.121969	0.130752
2352	395332.499968	3688248.553828	0.449740	27.352479	0.397224
2353	396254.947190	3688606.052782	0.457387	27.662348	0.311669
2354	396934.499968	3689073.039110	0.467476	26.778082	0.264859
2355	395466.465480	3687370.500005	0.484230	19.515495	0.050996
2356	396511.446144	3688298.446181	0.439127	25.944854	0.042874
2357	397363.553791	3688331.500005	0.479058	28.011557	0.236386
2358	396598.796432	3687766.796469	0.476366	26.529319	0.241801
2359	396502.499968	3688849.453323	0.439057	25.659576	0.304648
2360	395990.324823	3687846.324860	0.409458	13.905665	0.011357
2361	395936.775617	3688535.224355	0.526361	27.231795	0.259735
2362	396013.073561	3688609.073598	0.513712	25.138964	0.329329
2363	396424.960862	3687593.039110	0.535284	27.744115	0.268317
2364	396791.624859	3688805.375113	0.449158	29.198481	0.143827
2365	397475.499968	3688737.382256	0.518289	6.896828	0.322126
2366	396278.283193	3687450.716779	0.482930	27.751757	0.240125
2367	396119.697406	3687366.302566	0.546299	26.204527	0.276639
2368	397623.499968	3687956.362920	0.410821	28.077281	0.563076
2369	395177.144628	3688179.144666	0.624526	27.979326	0.279721
2370	396377.725364	3688842.274608	0.582956	27.082328	0.277440
2371	395523.940047	3687378.059925	0.471499	28.539314	0.058971
2372	396811.499968	3687648.375113	0.556555	27.989951	0.246254
2373	396939.240083	3689453.240120	0.564656	28.314135	0.235325
2374	396706.534455	3689060.500005	0.662116	27.598324	0.226943
2375	397097.018257	3687902.018295	0.521811	27.427693	0.298512
2376	395159.499968	3688144.997479	0.239625	3.637626	0.444673
2377	397264.940047	3687864.059925	0.730569	26.567067	0.288429
2378	397548.499968	3688729.500005	0.646307	26.984406	0.055075
2379	395575.056317	3687745.500005	0.223941	4.556349	0.059235
2380	396210.536547	3688152.463425	0.260310	27.423557	0.074990
2381	395372.780667	3687738.780705	0.231015	26.732521	0.074419
2382	397202.499968	3688516.536585	0.284277	13.979351	0.097270
2383	397747.499968	3688429.948706	0.288442	27.046423	0.125657
2384	395892.182688	3687682.182725	0.502471	27.890348	0.047784
2385	395087.465480	3687157.500005	0.212457	14.103228	0.087286
2386	395282.018257	3686842.018295	0.483418	27.790598	0.381630
2387	395393.926374	3688107.073598	0.337573	28.111409	0.294708
2388	396954.983463	3689031.684510	0.282832	13.368996	0.320242
2389	395310.132435	3687306.132472	0.334179	28.480387	0.046552
2390	395577.960862	3687456.039110	0.423624	26.309792	0.060131
2391	395619.059888	3688441.940084	0.619636	14.483423	0.406176
2392	395594.499968	3687906.110178	0.423151	25.935096	0.115843
2393	395338.499968	3688221.867537	0.456262	29.602681	0.338797
2394	396955.499968	3689056.423886	0.470482	13.325690	0.212886
2395	397345.274571	3688352.725401	0.484453	27.161953	0.161146
2396	395868.499968	3687614.049211	0.364731	26.261807	0.064561
2397	396254.395891	3688578.395928	0.487132	27.158397	0.313961
2398	396495.499968	3688277.980235	0.447590	13.112303	-0.024880
2399	396511.499968	3688825.423886	0.462505	27.796540	0.409524
2400	395977.960862	3687839.960899	0.410900	13.905665	0.020570
2401	395952.210646	3688512.789326	0.533235	27.726951	0.298288
2402	396018.375076	3688584.500005	0.516369	8.588652	0.233022
2403	396415.499968	3687619.120279	0.553696	27.803952	0.252802
2404	396810.716742	3688783.283230	0.467777	27.572844	0.158087
2405	397475.999968	3688730.503576	0.520212	6.896828	0.121635
2406	396258.499968	3687470.179153	0.495824	27.859616	0.207316
2407	396603.011115	3687792.988857	0.534472	25.657629	0.229985
2408	396093.505018	3687365.505055	0.551407	27.724032	0.265295
2409	395170.073561	3688152.073598	0.631461	6.263750	0.230031
2410	395495.404513	3687377.595459	0.475851	27.223974	0.060277
2411	396390.499968	3688818.394449	0.601413	27.391190	0.269140
2412	396804.499968	3687675.475618	0.569308	28.372967	0.384053
2413	396728.373597	3689043.626376	0.684324	26.862388	0.272737
2414	397638.252276	3687980.252313	0.493260	27.719109	0.417849
2415	396967.061367	3689458.500005	0.654284	27.699501	0.156171
2416	397099.499968	3687929.333482	0.542124	28.624010	0.364716
2417	397257.499968	3687889.563930	0.740661	26.659451	0.245084
2418	397521.813676	3688725.500005	0.709818	26.304807	0.036785
2419	395972.499968	3688238.500005	0.296091	9.043723	-0.165307
2420	396230.499968	3688133.661476	0.282181	26.488508	0.092377
2421	395366.499968	3687712.796469	0.250962	27.830983	0.049158
2422	395308.499968	3687431.500005	0.183528	28.966848	0.020657
2423	395294.499968	3686866.848201	0.492402	26.639065	0.238454
2424	397739.283193	3688455.716779	0.295886	28.996208	0.123267
2425	395074.088185	3687161.966438	0.213847	8.000000	0.127823
2426	395742.499968	3686994.500005	0.533413	27.107411	0.165540
2427	396966.835971	3689025.500005	0.296741	7.728962	0.228688
2428	395551.879693	3687459.500005	0.428331	27.569451	0.050046
2429	395592.499968	3687880.252313	0.428184	26.165419	0.142427
2430	395630.252276	3688432.747696	0.620250	7.241712	0.264260
2431	395337.499968	3688192.281751	0.462927	27.724162	0.295534
2432	396962.999968	3689045.409168	0.471969	13.325691	0.273492
2433	397338.082183	3688378.917790	0.489568	26.276241	0.134903
2434	395856.678683	3687637.500005	0.370301	26.602123	0.061131
2435	396485.725364	3688269.240120	0.449064	13.112302	0.116521
2436	396253.499968	3688551.252313	0.499475	27.803951	0.212788
2437	396506.499968	3688798.080740	0.468171	25.777440	0.263207
2438	395963.524354	3688487.475618	0.538163	26.193328	0.227410
2439	395864.536547	3687678.500005	0.554132	27.946829	0.047344
2440	395965.596901	3687833.596938	0.415165	10.787509	0.006654
2441	397476.499968	3688723.624896	0.521001	2.124891	0.073849
2442	396250.499968	3687496.865445	0.508861	25.691557	0.241313
2443	396596.499968	3687817.806570	0.548254	26.959424	0.194542
2444	396832.593330	3688766.500005	0.493622	27.398808	0.119455
2445	396067.649246	3687355.500005	0.562941	28.251352	0.298895
2446	396419.499968	3687646.634998	0.607857	26.683895	0.247163
2447	395165.869435	3688147.430335	0.631610	4.000000	0.300659
2448	396412.252276	3688801.747696	0.613673	27.758623	0.286561
2449	396799.499968	3687703.404550	0.591590	27.179222	0.244056
2450	397648.499968	3688006.007581	0.509908	27.831865	0.366550
2451	396754.858878	3689039.141094	0.701770	26.080607	0.215294
2452	396994.260898	3689463.739074	0.659576	27.417993	0.169382
2453	397095.499968	3687957.676628	0.555798	25.961667	0.235868
2454	397248.383698	3687914.616274	0.780209	27.591419	0.289118
2455	397496.115191	3688719.884781	0.731260	11.681614	0.042954
2456	395966.105090	3688232.105127	0.297487	13.111045	-0.173690
2457	396244.699498	3688111.300474	0.290079	24.819283	0.055980
2458	395358.224318	3687686.224355	0.258856	25.657995	0.054416
2459	395286.115191	3687413.115228	0.210910	28.559530	0.013958
2460	395263.144628	3687396.144666	0.219328	26.633711	0.040367
2461	395163.184701	3688144.465170	0.631678	3.999999	0.828934
2462	395832.499968	3687648.593367	0.380802	13.864508	0.110763
2463	397718.499968	3688475.936513	0.302817	25.440779	0.103800
2464	395718.713171	3686981.500005	0.556990	27.372538	0.195243
2465	395274.525833	3686884.474139	0.575462	26.431327	0.136558
2466	395533.212125	3687479.787847	0.434678	27.089643	0.055636
2467	395635.848470	3688428.151502	0.620539	7.241712	0.434495
2468	395327.499968	3688166.423886	0.468669	27.882576	0.343723
2469	395588.499968	3687854.394449	0.442440	26.703725	0.099481
2470	396970.499968	3689034.394449	0.472887	8.849986	0.216534
2471	397334.499968	3688404.948706	0.493924	22.475309	0.174873
2472	396475.950761	3688260.500005	0.449715	6.221828	0.035536
2473	395972.959383	3688463.040589	0.543063	27.806453	0.242583
2474	396506.304008	3688772.304045	0.485369	25.485350	0.306067
2475	395957.770285	3687826.173029	0.415707	8.000000	0.064263
2476	395836.607615	3687679.500005	0.557093	8.596877	0.029705
2477	396257.499968	3688523.737595	0.559614	26.463036	0.206549
2478	396247.364975	3687522.365012	0.514441	23.696603	0.269003
2479	396039.948669	3687349.948706	0.565289	12.196045	0.130277
2480	396588.335537	3687843.500005	0.558681	28.087179	0.226375
2481	396852.415227	3688747.584745	0.506354	20.500260	0.115988
2482	396422.499968	3687673.149716	0.636763	28.161317	0.269929
2483	396424.273091	3688776.726881	0.630502	28.753726	0.275988
2484	396455.499968	3688357.500005	0.535201	29.171573	0.046727
2485	396788.667969	3687728.332003	0.614268	27.226407	0.292481
2486	397649.808625	3688033.808662	0.523125	28.087286	0.398029
2487	396776.465480	3689024.534492	0.710508	25.032529	0.245167
2488	397021.262377	3689468.500005	0.674890	25.738546	0.245850
2489	397081.475581	3687979.524391	0.560337	27.719264	0.366828
2490	397231.534455	3687936.465517	0.803448	27.655789	0.231885
2491	397484.472982	3688720.843463	0.732765	4.000000	0.149643
2492	395953.155342	3688234.155380	0.299587	13.111044	-0.149170
2493	396251.499968	3688087.431029	0.296870	28.102918	0.057752
2494	395354.499968	3687660.838100	0.289928	24.087433	0.069533
2495	395511.891887	3687496.500005	0.441801	27.989952	0.044873
2496	396266.397983	3688063.601989	0.299560	12.729977	0.177671
2497	395241.499968	3687380.624896	0.229625	13.492589	0.014469
2498	395826.810105	3687661.236549	0.381501	6.932253	0.172379
2499	397697.998921	3688491.001051	0.311045	26.244691	0.107706
2500	395394.499968	3688078.968042	0.521173	12.625673	0.224699
2501	395700.801483	3686960.801520	0.567149	25.484393	0.202332
2502	395290.499968	3687285.500005	0.364813	28.172476	0.034338
2503	395331.210646	3688138.789326	0.475424	28.547385	0.356445
2504	395576.525833	3687830.525871	0.448300	27.265208	0.090326
2505	397334.576086	3688427.423886	0.495993	13.706478	0.114213
2506	396496.009636	3688748.990337	0.499124	12.009418	0.146024
2507	395981.499968	3688436.578215	0.580839	26.229493	0.195169
2508	395828.264150	3687677.428078	0.558766	4.000000	0.068268
2509	395951.966079	3687820.667469	0.419995	8.000001	0.045208
2510	396239.940047	3688503.940084	0.569432	27.758623	0.201264
2511	396570.120242	3687864.879730	0.563116	27.980378	0.201183
2512	396863.072081	3688730.072118	0.510596	25.892803	0.113808
2513	396260.850256	3687541.850293	0.541434	27.899564	0.465137
2514	396446.950761	3688759.049211	0.632726	13.450226	0.258540
2515	396028.075883	3687347.159356	0.584821	15.999999	0.278637
2516	396416.499968	3687700.664435	0.665739	29.003675	0.165783
2517	396455.499968	3688328.328432	0.545022	27.751692	0.041385
2518	396771.499968	3687749.463425	0.640459	26.984405	0.223613
2519	397046.291815	3689462.500005	0.690665	26.100505	0.314351
2520	396792.723272	3689005.500005	0.734782	27.989951	0.189661
2521	397648.499968	3688061.865445	0.582081	27.646090	0.433027
2522	397070.499968	3688004.978143	0.588337	25.856453	0.222006
2523	397216.392320	3687959.607652	0.813659	25.014168	0.252259
2524	397480.486475	3688721.171734	0.732861	4.000000	0.073998
2525	395940.205595	3688236.205632	0.303365	26.919773	-0.141671
2526	395258.499968	3686905.492862	0.577018	9.094696	0.177129
2527	395362.039073	3687637.960899	0.305051	26.531389	0.057515
2528	395484.791381	3687489.500005	0.447382	25.992698	0.056192
2529	396272.601465	3688052.485824	0.300089	4.000000	0.124634
2530	395823.965173	3687667.558139	0.382626	3.466127	0.067786
2531	395228.633481	3687376.562450	0.235601	13.492588	0.027479
2532	397682.685213	3688512.314759	0.319567	26.885111	0.085631
2533	395393.176784	3688066.411896	0.522517	16.000000	0.289682
2534	395268.236512	3687268.236549	0.373643	28.559530	0.025079
2535	395568.545169	3687804.454803	0.453756	27.602747	0.144897
2536	397327.712125	3688439.287847	0.497121	13.706478	0.130985
2537	395678.482724	3686948.500005	0.633563	25.733735	0.244207
2538	396491.793907	3688737.745171	0.499721	6.004709	0.429645
2539	395335.499968	3688110.566022	0.562870	28.161317	0.235330
2540	395824.382059	3687676.464041	0.558818	2.000000	0.094574
2541	395980.637053	3688410.362920	0.627218	25.616363	0.197604
2542	396227.919232	3688478.919269	0.599210	28.514024	0.166349
2543	396880.800003	3688711.199969	0.529877	26.807097	0.078291
2544	396547.563893	3687881.436079	0.586916	27.656855	0.210493
2545	396264.499968	3687569.510106	0.572937	28.095506	0.345650
2546	396397.998921	3687723.001051	0.683815	28.614274	0.163803
2547	396464.813676	3688302.186296	0.553902	14.505968	0.030964
2548	396457.144628	3688750.274608	0.658892	13.450227	0.504169
2549	396767.499968	3687776.149716	0.653055	27.803952	0.243632
2550	396819.823777	3688998.500005	0.754758	27.773394	0.150644
2551	397072.392320	3689462.500005	0.758815	27.507229	0.285372
2552	397068.262377	3688030.737595	0.592617	26.485281	0.288018
2553	397653.122334	3688089.122371	0.614462	27.406359	0.305283
2554	397223.371504	3687983.628468	0.821008	28.396647	0.227303
2555	395913.811584	3688241.500005	0.370156	27.946829	-0.165102
2556	395255.307856	3686914.008959	0.577419	8.000000	0.181923
2557	395388.524354	3687639.524391	0.319524	25.475984	0.066558
2558	395463.499968	3687474.590408	0.457493	26.227055	0.082221
2559	396274.550716	3688048.992914	0.300289	4.000000	0.262589
2560	395245.265949	3687251.265986	0.548415	27.926552	0.044937
2561	395822.542708	3687670.718935	0.382720	3.466127	0.066729
2562	397657.371504	3688521.371542	0.327024	27.333342	0.079059
2563	397320.848164	3688451.151808	0.498100	13.945392	0.159608
2564	395653.123813	3686944.123850	0.649395	27.207483	0.187887
2565	395570.499968	3687776.921361	0.482242	14.171573	0.063873
2566	395391.499968	3688050.500005	0.542841	27.137582	0.207577
2567	396489.686042	3688732.122588	0.499989	6.004709	0.431079
2568	395341.499968	3688083.051303	0.566953	27.770886	0.254670
2569	396848.609095	3687948.390878	0.527560	27.373096	0.235401
2570	395822.441013	3687675.982023	0.558917	1.999999	0.153458
2571	395998.243654	3688391.756318	0.655202	27.709745	0.130521
2572	396223.499968	3688450.749788	0.609695	25.773926	0.122929
2573	396249.643582	3687593.356390	0.592252	27.655789	0.235470
2574	396528.007543	3687900.992429	0.618251	28.384651	0.154866
2575	396902.499968	3688695.460466	0.567022	29.167350	0.108195
2576	396466.156822	3688287.742645	0.555357	14.505968	0.053146
2577	396376.321252	3687741.678720	0.695055	26.413666	0.187373
2578	396467.338496	3688741.500005	0.659499	8.876476	0.173930
2579	396771.499968	3687803.664435	0.666233	27.183375	0.265019
2580	396844.749751	3688986.250221	0.763246	25.765831	0.137480
2581	397099.735466	3689465.500005	0.767868	27.140122	0.249521
2582	397049.534455	3688049.465517	0.602126	26.956707	0.239936
2583	397651.499968	3688116.480669	0.625931	27.727364	0.250640
2584	397223.499968	3688012.024824	0.825544	10.522805	0.170580
2585	395885.882652	3688240.500005	0.376464	42.857271	0.036056
2586	395821.120242	3687673.879730	0.382768	1.734944	0.220719
2587	395220.968005	3687237.500005	0.553283	12.804818	-0.013001
2588	397630.217788	3688524.500005	0.336739	27.719657	0.093408
2589	395641.444664	3688423.555308	0.634231	2.000001	0.165924
2590	395570.499968	3687762.749788	0.483047	7.085786	0.082003
2591	395628.524354	3686932.500005	0.660276	27.410509	0.223755
2592	395376.499968	3688027.884781	0.544056	9.437903	0.176928
2593	396487.578178	3688726.500005	0.500138	2.884260	0.237008
2594	395350.499968	3688056.779225	0.569779	25.625983	0.240861
2595	396828.759852	3687967.240120	0.545237	25.353182	0.242113
2596	396019.924282	3688374.500005	0.660565	24.579950	0.136314
2597	396216.069989	3688426.070026	0.627167	18.388162	0.200339
2598	396234.501447	3687616.498525	0.605326	27.758624	0.214776
2599	396511.744087	3687924.255885	0.622942	27.979326	0.197393
2600	396921.499968	3688673.330524	0.571481	26.185662	0.095815
2601	396467.499968	3688273.298994	0.557912	8.081295	0.027310
2602	396350.803575	3687748.500005	0.717087	26.648335	0.179404
2603	396473.818910	3688735.434029	0.665555	8.000000	0.233131
2604	396760.484203	3687828.515769	0.681485	27.629936	0.256954
2605	396864.499968	3688969.703107	0.773632	25.824668	0.160457
2606	397125.858878	3689458.141094	0.771048	7.146987	0.279556
2607	397035.499968	3688072.480669	0.638418	26.565393	0.160840
2608	397641.614145	3688142.385827	0.653393	26.473164	0.326832
2609	395216.499968	3687225.500005	0.560992	13.507143	0.032090
2610	397604.774137	3688535.500005	0.344388	25.106871	0.077929
2611	395642.858878	3688422.141094	0.634322	3.735065	0.637925
2612	395570.499968	3687755.664002	0.483408	7.085787	0.060089
2613	395604.789289	3686918.789326	0.718738	26.017856	0.236003
2614	395362.080703	3688033.919269	0.571529	12.440899	0.197666
2615	396809.860357	3687984.139615	0.559595	27.692988	0.156979
2616	396036.578178	3688356.421794	0.664688	25.695800	0.107150
2617	396931.499968	3688649.129514	0.575977	26.885013	0.164429
2618	396225.309059	3687642.690913	0.622247	26.669931	0.208859
2619	396497.601952	3687948.398020	0.635665	27.591419	0.140944
2620	396469.007550	3688265.359565	0.558355	8.000000	0.059704
2621	396213.072081	3688407.927891	0.648681	24.273151	0.095125
2622	396326.531497	3687759.500005	0.722030	27.587312	0.170637
2623	396479.659439	3688729.967017	0.665699	4.000000	0.133743
2624	396743.499968	3687850.309096	0.695223	27.869289	0.245478
2625	396871.499968	3688944.845242	0.783388	26.158713	0.133400
2626	397029.614145	3688098.385827	0.643208	27.758623	0.166264
2627	397647.499968	3688168.196397	0.663801	25.887237	0.237070
2628	396044.891887	3688332.108086	0.676759	26.601630	0.100896
2629	395203.696667	3687221.196704	0.562851	13.507143	0.049369
2630	397581.744700	3688545.500005	0.350151	28.344834	0.066781
2631	395470.921324	3687389.500005	0.700492	27.474667	0.061840
2632	395570.499968	3687748.578215	0.483592	3.078210	0.155908
2633	395578.980198	3686915.500005	0.722253	27.803951	0.311164
2634	395370.248040	3688024.534676	0.571983	8.000000	0.270050
2635	396021.499968	3688576.500005	0.619372	16.000001	0.183460
2636	395645.499968	3688419.500005	0.649345	14.114723	0.275583
2637	396955.661439	3688637.338533	0.577853	12.789141	0.077872
2638	396222.176158	3687669.176195	0.628263	27.716386	0.195777
2639	396480.752709	3687970.247263	0.640819	27.863981	0.114997
2640	396226.971576	3688388.028396	0.656073	26.561797	0.106304
2641	396299.016778	3687761.500005	0.744565	26.291103	0.194341
2642	396482.579703	3688727.233511	0.667164	4.000000	0.351074
2643	396730.199932	3687874.800040	0.709527	27.254062	0.266884
2644	396891.276663	3688927.723309	0.793412	26.121356	0.122730
2645	397017.593330	3688123.406642	0.657227	27.979327	0.206622
2646	397651.179116	3688193.820856	0.675605	27.801107	0.295833
2647	395190.893366	3687216.893403	0.563181	7.565944	0.062855
2648	395447.362883	3687403.637090	0.701629	8.836196	0.047671
2649	395551.465480	3686911.500005	0.747969	26.958499	0.187226
2650	396071.377168	3688329.622804	0.681400	27.049353	0.088675
2651	396012.499968	3687343.500005	0.688666	16.000000	0.191467
2652	396467.499968	3687994.757797	0.644990	27.118949	0.201200
2653	395653.278142	3688407.721830	0.653718	14.114723	0.302354
2654	396030.617234	3688563.351793	0.678512	10.588246	0.174014
2655	396232.782759	3687694.782797	0.642470	24.915736	0.253710
2656	396234.456858	3688362.543114	0.673043	27.726951	0.074301
2657	396272.744700	3687762.500005	0.755773	26.471961	0.154005
2658	396705.886223	3687887.113749	0.722324	26.978334	0.181947
2659	396896.499968	3688902.129514	0.803729	24.061617	0.107360
2660	397003.451194	3688147.548778	0.677098	26.244361	0.259840
2661	397633.622767	3688215.377205	0.694050	28.172476	0.175791
2662	395440.611997	3687409.338309	0.701922	8.000000	0.062199
2663	396791.304008	3688004.695964	0.580958	27.423937	0.210900
2664	395528.454766	3686897.454803	0.758399	27.725364	0.253004
2665	395160.499968	3688141.500005	0.686751	16.000000	0.340996
2666	395996.882917	3687346.979619	0.689959	11.589263	0.188905
2667	396036.650725	3688554.650762	0.679331	13.531017	0.233278
2668	396233.682254	3687719.682291	0.646768	27.412826	0.225026
2669	396466.499968	3688021.858302	0.661369	25.890176	0.281598
2670	395661.056317	3688395.943655	0.672319	28.383916	0.266032
2671	396244.356353	3688336.643620	0.677428	27.884953	0.082492
2672	396247.066418	3687768.933554	0.758243	20.201464	0.139960
2673	396681.451194	3687898.548778	0.726381	27.294396	0.190614
2674	396911.728323	3688883.500005	0.812698	26.264940	0.137640
2675	397132.499968	3689455.500005	0.840422	16.000000	0.157116
2676	396983.016165	3688164.016203	0.681274	27.321322	0.145660
2677	397616.359311	3688237.640661	0.698911	27.655790	0.228879
2678	397310.499968	3688460.500005	0.592449	27.587312	0.117750
2679	395985.571035	3687349.500005	0.691869	26.665246	0.212805
2680	395502.578178	3686887.500005	0.818078	25.876533	0.244146
2681	396232.046215	3687747.046253	0.655170	27.293844	0.224708
2682	395158.739536	3688125.597147	0.690244	11.266048	0.193466
2683	396044.217482	3688543.433248	0.687656	13.531018	0.152229
2684	396450.104477	3688041.895495	0.676913	27.808026	0.148753
2685	395679.026879	3688373.973093	0.679792	27.801109	0.266048
2686	396257.791381	3688312.208591	0.691962	13.093917	-0.018172
2687	396659.499968	3687914.769991	0.745660	26.651381	0.224267
2688	396930.682254	3688865.317718	0.825178	25.970329	0.111881
2689	397145.233419	3689445.811908	0.841297	10.424179	0.206213
2690	396957.786331	3688174.500005	0.685845	26.984406	0.214552
2691	397601.217176	3688260.782797	0.733922	26.958751	0.207212
2692	397558.409564	3688561.590408	0.546056	13.858193	0.074912
2693	396974.499968	3689026.500005	0.572815	26.652586	0.155035
2694	397282.985249	3688462.500005	0.602713	28.089593	0.101145
2695	395477.241562	3686882.241599	0.832998	27.401961	0.210459
2696	396051.784239	3688532.215733	0.689606	26.836999	0.209151
2697	395700.583229	3688356.416743	0.683556	27.311437	0.281145
2698	396427.255235	3688057.744737	0.684128	26.193328	0.147891
2699	395157.499968	3688114.399500	0.714939	29.240053	0.291219
2700	395960.470530	3687358.500005	0.804617	26.636158	0.182894
2701	396644.499968	3687936.799428	0.749589	23.398332	0.232936
2702	396269.952240	3688307.354298	0.692543	13.093917	0.188696
2703	397224.499968	3688022.500005	0.919809	7.999999	0.176071
2704	396938.460429	3688840.539543	0.835045	25.030805	0.108336
2705	396931.100039	3688170.500005	0.717196	27.787734	0.118821
2706	397591.499968	3688285.929370	0.737674	28.225963	0.228033
2707	397153.529405	3689439.500005	0.963951	25.211573	0.129543
2708	397545.606263	3688566.893709	0.547470	12.639690	0.150911
2709	396773.436042	3688025.500005	0.602128	27.042129	0.208470
2710	397000.106569	3689019.106606	0.587938	24.722413	0.126310
2711	397255.056317	3688459.500005	0.653602	27.738401	0.139932
2712	395450.034022	3686885.500005	0.846987	27.320575	0.235386
2713	396064.345639	3688508.500005	0.697893	26.541013	0.161536
2714	396402.820206	3688067.179766	0.691686	26.198202	0.109503
2715	395724.647154	3688343.500005	0.700123	27.730289	0.236016
2716	395155.499968	3688085.227927	0.718307	25.992713	0.305873
2717	395935.993871	3687369.006101	0.806002	13.879312	0.160946
2718	396639.499968	3687959.657292	0.761086	26.698077	0.130319
2719	396282.113099	3688302.500005	0.694361	4.386869	0.080766
2720	397219.829153	3688028.994886	0.920110	8.000000	0.135597
2721	396955.652817	3688822.347155	0.838059	25.701331	0.094027
2722	396904.731894	3688179.268078	0.730410	27.726951	0.113186
2723	397596.246613	3688313.753359	0.751959	27.322907	0.184015
2724	397170.499968	3689420.855344	0.967211	26.605669	0.099161
2725	397476.499968	3688721.500005	0.922833	8.000001	0.004890
2726	397533.754802	3688562.500005	0.548529	7.784854	0.022054
2727	396755.235032	3688045.500005	0.607366	28.161316	0.176066
2728	397021.420278	3689006.579694	0.595427	17.205840	0.145072
2729	397229.872551	3688471.127422	0.655260	16.000000	0.086929
2730	396077.532976	3688485.466996	0.700800	30.969246	0.142757
2731	395426.004585	3686872.500005	0.861213	25.852479	0.217742
2732	395749.917752	3688332.082220	0.705441	26.962647	0.293710
2733	395155.763423	3688059.236549	0.721408	25.894850	0.253695
2734	395923.483463	3687375.016509	0.806787	13.879311	0.281048
2735	396623.499968	3687981.029875	0.764795	27.019747	0.168762
2736	397215.158338	3688035.489768	0.920467	9.691448	0.263483
2737	396977.380739	3688808.619233	0.844473	23.292605	0.117058
2738	396879.418186	3688190.581786	0.733695	27.218427	0.094836
2739	397583.225798	3688337.774175	0.762519	27.010565	0.247848
2740	397189.759852	3689402.500005	0.992820	25.248057	0.166991
2741	397471.551242	3688715.214297	0.924418	7.999999	-0.020928
2742	397528.697271	3688568.418225	0.549578	8.000000	0.124302
2743	396727.720314	3688051.500005	0.622983	27.989951	0.152560
2744	397215.280145	3688464.565281	0.659193	9.912073	0.143486
2745	395400.250184	3686874.749788	0.870646	25.171988	0.202308
2746	395159.499968	3688033.612703	0.724084	27.065076	0.251882
2747	395775.120242	3688322.500005	0.746048	27.941060	0.207262
2748	395910.973056	3687381.026917	0.809535	10.142653	0.211184
2749	396609.104477	3688003.895495	0.768941	27.578440	0.135873
2750	396992.017645	3688790.500005	0.847276	20.995817	0.104747
2751	397566.790769	3688359.209203	0.779102	26.201931	0.179630
2752	397209.499968	3688043.357869	0.930066	26.950973	0.206058
2753	397198.997442	3689379.002530	1.021656	27.980378	0.114299
2754	397466.602517	3688708.928590	0.924706	9.635474	0.106916
2755	396601.840155	3688030.500005	0.772649	26.447808	0.172940
2756	397523.499968	3688574.500005	0.550255	12.282936	0.054322
2757	396700.619809	3688058.500005	0.628489	27.895173	0.175713
2758	397206.240083	3688460.500005	0.659592	7.030587	0.055439
2759	395799.373597	3688308.626376	0.749849	27.969028	0.221020
2760	395163.198452	3688006.801520	0.742704	27.915970	0.215830
2761	395902.322823	3687386.322848	0.809803	7.999999	0.315125
2762	395375.288856	3686871.500005	0.879985	27.798457	0.179520
2763	397010.499968	3688780.538677	0.850690	26.743101	0.095752
2764	397543.598381	3688371.401592	0.790923	27.010565	0.157857
2765	397195.499968	3688066.387306	0.944042	26.857206	0.228585
2766	397215.553791	3689356.446181	1.048825	27.811331	0.147750
2767	397460.642103	3688701.357869	0.927948	25.022675	0.029228
2768	395570.499968	3687745.500005	0.545766	8.000001	0.007175
2769	397512.071035	3688579.000005	0.558756	12.282935	0.116754
2770	396673.806533	3688066.193439	0.638755	24.973640	0.150035
2771	395179.499968	3687984.139615	0.747390	28.071789	0.226702
2772	396286.499968	3688302.500005	0.727061	16.000000	-0.071272
2773	396577.499968	3688040.846109	0.794065	28.113820	0.122464
2774	395348.865408	3686880.134564	0.889896	24.892706	0.169090
2775	395823.499968	3688294.477710	0.817648	27.316938	0.165179
2776	397034.079224	3688767.920748	0.875344	24.989054	0.087483
2777	397522.163352	3688387.836620	0.794271	26.953677	0.194292
2778	397228.281713	3689331.718259	1.069152	28.162286	0.116935
2779	397202.499968	3688092.316238	0.982955	27.299018	0.187300
2780	397460.337017	3688676.337054	0.937483	26.787509	0.027947
2781	395565.766265	3687739.050814	0.546509	8.000001	0.033531
2782	397046.499968	3688746.237161	0.878946	26.221038	0.096095
2783	396106.499968	3688474.512198	0.751285	13.858194	0.144583
2784	397500.642103	3688583.500005	0.564404	28.585963	0.077242
2785	396652.075653	3688078.500005	0.643701	27.922474	0.112948
2786	395200.018257	3687964.981715	0.750649	28.094242	0.184477
2787	396470.499968	3688257.500005	0.739905	16.000000	-0.007669
2788	396298.040802	3688291.418076	0.727772	11.432049	0.260899
2789	395839.723272	3688272.500005	0.822122	28.668252	0.183145
2790	396558.991779	3688062.008193	0.801798	25.480328	0.138675
2791	395324.380126	3686884.619846	0.903663	25.653272	0.188956
2792	397497.408697	3688398.500005	0.805591	27.131391	0.132930
2793	397243.499968	3689308.021866	1.072923	26.187024	0.110682
2794	397194.499968	3688118.416743	0.985862	26.276848	0.184184
2795	397441.901988	3688656.902025	0.943741	26.420832	0.020625
2796	395561.032562	3687732.601623	0.548375	11.980379	0.033033
2797	396111.798957	3688461.707111	0.754391	14.904181	0.075138
2798	397472.357832	3688579.357869	0.583014	27.091649	0.075483
2799	396627.764903	3688092.235069	0.661682	26.417597	0.160202
2800	395214.867500	3687941.132472	0.753957	27.231795	0.196804
2801	396455.008405	3688253.498569	0.740854	11.989952	0.071751
2802	395861.335537	3688253.664435	0.825200	40.380577	0.038472
2803	396306.286764	3688283.500005	0.734744	27.623318	0.051455
2804	396555.499968	3688087.248129	0.812925	28.126395	0.159537
2805	397034.121721	3688723.121758	0.882442	27.556798	0.094528
2806	395300.945098	3686895.054874	0.905825	26.591553	0.215253
2807	397477.293294	3688416.706678	0.809248	28.753726	0.187751
2808	397186.499968	3688143.446181	0.988417	27.266048	0.176813
2809	397253.273091	3689283.726881	1.130137	28.627711	0.069374
2810	395553.943618	3687722.943655	0.553946	28.274150	0.038122
2811	397417.210646	3688647.500005	0.946726	29.129586	0.015100
2812	395851.499968	3688214.500005	0.870778	26.643649	0.166608
2813	395820.499968	3687675.500005	0.694960	2.000001	-0.005447
2814	397446.855307	3688588.500005	0.591830	25.957008	0.080493
2815	396605.915660	3688107.084312	0.664926	28.021359	0.112470
2816	397038.499968	3689004.500005	0.725385	26.424179	0.059003
2817	396106.039073	3688447.960899	0.773540	22.725967	0.131427
2818	395237.302529	3687925.697443	0.757290	23.650480	0.171123
2819	396443.399462	3688250.500005	0.752205	26.523773	0.037030
2820	396324.905559	3688263.094413	0.740564	26.836288	0.071062
2821	396549.314109	3688114.685863	0.817320	26.635880	0.141682
2822	397019.499968	3688699.764073	0.889561	26.298315	0.159401
2823	395278.499968	3686909.314146	0.911107	12.687637	-0.033251
2824	397459.615624	3688439.384348	0.818650	27.373095	0.122011
2825	397183.499968	3688170.546686	1.009240	26.591124	0.209368
2826	397270.499968	3689260.862486	1.133228	28.372967	0.077268
2827	395526.198452	3687717.500005	0.573788	27.312735	0.027021
2828	397388.174066	3688649.825906	0.948912	22.680184	0.022915
2829	395267.371071	3686915.407075	0.911581	12.687637	0.285439
2830	395818.511013	3687675.290095	0.695309	2.000000	-0.083420
2831	397424.997442	3688602.500005	0.595653	27.740073	0.078652
2832	396591.499968	3688131.113136	0.667885	27.178630	0.176763
2833	397059.529405	3688988.500005	0.732379	24.339088	0.129360
2834	395257.909130	3687914.090842	0.759419	27.736853	0.153880
2835	396109.499968	3688425.500005	0.774955	11.439975	0.400075
2836	396421.115191	3688236.115228	0.758587	27.714400	0.065290
2837	396528.586187	3688131.413785	0.821255	13.255035	0.146928
2838	396999.130343	3688683.130380	0.909715	28.472962	0.075275
2839	396329.499968	3688236.654334	0.780366	28.207267	0.065680
2840	397439.766382	3688458.233590	0.821998	25.862281	0.099551
2841	397180.981678	3688197.018295	1.012018	28.769286	0.143742
2842	397275.499968	3689232.933554	1.154947	24.191925	0.116450
2843	395498.922803	3687718.922840	0.578161	6.412717	0.019174
2844	395256.242175	3686921.500005	0.912501	3.742207	0.082072
2845	397398.952240	3688612.047732	0.614107	27.322906	0.078080
2846	395816.522059	3687675.080186	0.695358	4.000000	-0.026253
2847	396581.499968	3688156.385214	0.670362	6.827124	0.130208
2848	397081.499968	3688978.026917	0.760140	24.587146	0.091372
2849	396858.276050	3688207.723922	0.783602	20.472653	0.114943
2850	396106.357832	3688414.500005	0.781975	26.752129	0.102477
2851	396400.583229	3688217.500005	0.770821	26.434531	0.029563
2852	396521.429333	3688142.570639	0.823419	6.627517	0.147451
2853	396976.018870	3688666.500005	0.917363	27.456066	0.074910
2854	396344.947190	3688213.052782	0.791820	14.047120	0.047415
2855	397422.375689	3688477.375726	0.825315	27.057211	0.169391
2856	397177.499968	3688225.576123	1.034709	27.757390	0.179531
2857	397259.833012	3689214.500005	1.161249	24.334380	0.127433
2858	396840.499968	3688197.568114	0.796110	17.883045	0.231305
2859	397374.931425	3688625.068547	0.616074	12.254752	0.091365
2860	395812.544151	3687674.660367	0.695551	8.000000	0.056198
2861	396579.503539	3688162.913912	0.671006	6.827123	0.228062
2862	397085.269520	3688953.730452	0.782387	27.726952	0.058394
2863	395375.499968	3688018.500005	0.814330	11.958691	0.091119
2864	396119.499968	3688391.198489	0.788745	27.397131	0.099469
2865	396379.499968	3688201.553828	0.771797	7.353608	0.022099
2866	396517.850906	3688148.149066	0.823520	3.313759	0.069448
2867	396485.499968	3688724.500005	0.856072	8.000000	0.157646
2868	396966.499968	3688640.746829	0.920113	8.307232	0.065049
2869	396352.371811	3688201.128161	0.792297	7.023559	0.037524
2870	397405.499968	3688498.525258	0.834866	25.960410	0.093980
2871	397165.499968	3688250.605560	1.042776	26.984406	0.213072
2872	397263.853215	3689190.500005	1.181430	26.885528	0.075118
2873	396823.499968	3688203.118187	0.829679	27.164153	0.081101
2874	395804.588335	3687673.820730	0.696684	12.104971	0.063544
2875	396577.507110	3688169.442609	0.697982	13.654248	0.188987
2876	397111.169015	3688943.830957	0.787666	27.692988	0.069035
2877	395366.832738	3688010.260502	0.816261	16.000000	0.141388
2878	396122.077132	3688363.922840	0.792867	26.550615	0.077193
2879	396373.994610	3688196.678730	0.775707	7.353608	0.057308
2880	396516.061692	3688150.938280	0.823580	3.313758	0.222139
2881	396486.685838	3688716.588386	0.858526	8.000000	0.095215
2882	396356.084121	3688195.165851	0.793323	7.023561	0.079436
2883	397389.499968	3688518.968909	0.838104	27.226176	0.137923
2884	397161.499968	3688277.291852	1.045601	26.253312	0.118081
2885	397283.184780	3689171.815192	1.197481	27.979326	0.055775
2886	395792.550220	3687672.550257	0.699165	27.692988	0.043574
2887	396573.514253	3688182.500005	0.698560	6.573956	0.048961
2888	397131.725364	3688925.274608	0.805144	27.092248	0.163417
2889	395355.236512	3687999.236549	0.818338	27.811331	0.145953
2890	396117.730415	3688337.730452	0.803449	33.874451	0.003843
2891	396514.272479	3688153.727493	0.823610	2.506710	0.150865
2892	396368.489253	3688191.803631	0.776356	4.000000	0.036583
2893	396359.796432	3688189.203540	0.793436	3.823377	0.128508
2894	396487.871708	3688708.676767	0.859782	10.984406	0.270797
2895	397377.561801	3688543.438172	0.841121	27.967571	0.115399
2896	397173.212125	3688300.787847	1.067312	26.223936	0.164575
2897	397307.326915	3689157.673057	1.207584	25.274033	0.071178
2898	397324.499968	3689139.129514	1.215665	27.941955	0.055699
2899	395771.993871	3687653.993908	0.714783	27.175382	0.038816
2900	396567.192751	3688180.695702	0.698670	4.000000	0.113228
2901	397132.796432	3688898.203540	0.822789	28.753725	0.056133
2902	395342.508589	3687974.508627	0.826751	24.037109	0.149839
2903	396365.494610	3688189.151818	0.776701	3.999999	0.106598
2904	396489.499968	3688697.813713	0.863353	27.746419	0.153373
2905	397353.386403	3688557.500005	0.851532	27.763552	0.087798
2906	397164.499968	3688325.522299	1.074527	26.291103	0.120058
2907	395493.499968	3687715.500005	0.743067	16.000001	-0.005100
2908	395746.926374	3687643.500005	0.727732	26.672083	0.046823
2909	397150.474102	3688875.525871	0.834054	25.788409	0.048131
2910	395332.499968	3687952.654334	0.830432	27.067124	0.118451
2911	395895.499968	3687390.500005	0.911920	27.758625	0.144008
2912	396501.298957	3688672.701015	0.888814	27.484941	0.109772
2913	397328.398850	3688569.601122	0.854974	13.588057	0.120033
2914	397165.499968	3688351.794377	1.077189	28.413622	0.104279
2915	397317.166923	3689112.166960	1.220763	26.416787	0.095201
2916	395479.541778	3687707.678946	0.744091	10.594865	0.074928
2917	395720.316201	3687645.316238	0.730191	28.416174	0.031240
2918	397149.747659	3688849.747696	0.841588	22.496818	0.065538
2919	395324.499968	3687926.796469	0.834874	27.946829	0.155868
2920	395869.307579	3687399.692393	0.916493	28.559529	0.137912
2921	396515.499968	3688649.169052	0.892085	26.410075	0.122259
2922	397315.802656	3688574.697316	0.855508	6.794029	0.119379
2923	397167.499968	3688380.137523	1.094054	27.114045	0.166055
2924	397306.499968	3689087.999571	1.227608	25.481241	0.098090
2925	395470.298957	3687702.500005	0.751800	26.788217	0.024018
2926	396505.499968	3688624.725401	0.898360	27.376009	0.088751
2927	395692.311151	3687640.500005	0.735916	13.859829	0.025978
2928	397146.515732	3688827.484240	0.854592	27.716386	0.045433
2929	395323.499968	3687898.867537	0.838080	33.044572	0.032164
2930	395841.064939	3687403.935033	0.929484	25.913877	0.185448
2931	397309.504559	3688577.245414	0.855667	6.794029	0.056071
2932	397163.978106	3688407.021866	1.095092	18.691286	0.082916
2933	397305.460429	3689062.539543	1.245703	27.931906	0.052752
2934	395443.579657	3687700.579694	0.767759	27.758623	0.021587
2935	395679.589325	3687635.000005	0.737303	13.859828	0.035228
2936	396803.499968	3688221.500005	0.847806	27.401509	0.180219
2937	396227.499968	3687773.958807	1.031199	15.376815	0.285647
2938	397157.122334	3688801.877638	0.883994	27.218916	0.050320
2939	395817.751230	3687415.248742	0.933504	27.493136	0.122337
2940	397303.206462	3688579.793511	0.855765	3.827561	0.106186
2941	396528.889794	3688610.500005	0.901743	27.724162	0.097069
2942	397306.499968	3689034.626988	1.256918	27.341087	0.060421
2943	395431.558842	3687675.558879	0.774746	27.884954	0.024728
2944	395666.867500	3687629.500005	0.737744	3.367532	0.066590
2945	396781.357832	3688237.642140	0.849633	23.864456	0.073749
2946	397172.499968	3688779.418836	0.895131	26.961255	0.058810
2947	395803.499968	3687438.759889	0.941948	28.288748	0.130257
2948	396554.747659	3688600.500005	0.911408	27.770886	0.105000
2949	396222.499968	3687788.500005	1.033679	28.544294	0.118249
2950	397297.016778	3689008.983194	1.263737	28.497852	0.070246
2951	395418.123813	3687651.123850	0.777454	17.254917	0.032232
2952	397161.499968	3688754.803612	0.897646	26.988505	0.033071
2953	395784.499968	3687459.718259	0.945087	25.956092	0.095800
2954	396581.019737	3688591.500005	0.919738	27.790456	0.064042
2955	396202.822298	3687809.177674	1.042368	27.206637	0.090404
2956	397153.499968	3688422.500005	1.104870	10.198039	0.109971
2957	397301.499968	3688980.840192	1.284170	26.761132	0.069174
2958	395776.567464	3687484.432508	0.949235	26.963367	0.112888
2959	397170.499968	3688729.359961	0.904653	18.553190	-0.044898
2960	396608.524354	3688595.475618	0.928811	26.925592	0.104949
2961	396180.340588	3687824.500005	1.044962	26.165419	0.170114
2962	397303.499968	3688954.153900	1.286291	25.907790	0.076386
2963	395751.980198	3687495.500005	0.956122	24.732148	0.128064
2964	395873.499968	3688199.470567	0.969244	27.727582	0.169228
2965	395290.499968	3687900.583266	0.915060	24.035130	-0.111964
2966	396154.482724	3687828.500005	1.055791	27.497108	0.103724
2967	396631.499968	3688581.436079	0.965622	27.390683	0.081252
2968	397307.118150	3688928.500005	1.296335	25.643596	0.098225
2969	396133.695927	3687846.500005	1.057732	25.659576	0.104588
2970	395884.834491	3688174.165481	0.972310	26.093452	0.214911
2971	395746.404513	3687519.595459	0.959606	26.958605	0.169682
2972	395252.499968	3686921.500005	1.106818	8.000000	0.082974
2973	396650.394412	3688561.605560	0.976307	27.598702	0.071596
2974	397320.422370	3688906.577602	1.307682	27.726951	0.045885
2975	397155.499968	3688718.441130	0.922177	19.803401	0.129170
2976	395899.499968	3688152.583266	0.975695	27.989951	0.177660
2977	395735.499968	3687544.250221	0.981839	26.582523	0.085740
2978	395247.658562	3686927.868740	1.107145	8.000000	0.121303
2979	396109.666490	3687837.500005	1.060971	21.726119	0.138107
2980	396677.344159	3688555.655813	0.979646	23.718198	0.147612
2981	397331.736078	3688881.263894	1.312494	27.734066	0.050744
2982	395906.499968	3688125.482761	0.980166	26.636041	0.147575
2983	397168.499968	3688703.502097	0.930435	27.759278	0.034469
2984	395718.948669	3687565.051303	0.990140	25.858629	0.069447
2985	396700.364975	3688561.365012	0.982761	27.811331	0.096069
2986	395242.817157	3686934.237476	1.111282	10.189490	0.093031
2987	397346.034889	3688857.500005	1.319417	26.465699	0.071813
2988	395896.002493	3688101.002530	0.983361	26.817322	0.235094
2989	397180.499968	3688678.470567	0.940386	28.774741	0.040743
2990	395705.499968	3687587.137523	0.993391	26.424179	0.085198
2991	395236.650725	3686942.349247	1.112432	28.863094	0.145618
2992	396725.092897	3688574.092934	0.993402	28.791048	0.061721
2993	397358.070602	3688833.929370	1.321627	26.357749	0.048718
2994	395877.595422	3688081.500005	0.985775	24.529347	0.171788
2995	397181.499968	3688649.713208	0.948848	25.083598	0.094475
2996	395689.499968	3687608.166960	0.994799	16.000000	0.048887
2997	396753.681642	3688577.500005	1.032813	27.217376	0.055272
2998	395217.265949	3686963.734023	1.149751	28.229446	0.100560
2999	397371.499968	3688811.249355	1.331153	27.343493	0.054181
3000	395853.394412	3688077.500005	1.007732	26.865363	0.126767
3001	397181.370025	3688624.629947	0.951725	28.022471	0.069923
3002	395675.017749	3687614.968823	0.995364	10.515274	0.072689
3003	396779.367933	3688568.500005	1.036093	27.958700	0.047238
3004	395211.609095	3686991.390878	1.152351	25.221526	0.106979
3005	396967.499968	3688632.500005	1.116257	27.180578	0.049271
3006	397384.698019	3688787.301953	1.339020	26.416418	0.078394
3007	395837.697406	3688055.697443	1.028810	28.318460	0.135779
3008	395665.499968	3687619.439038	0.995596	6.257829	0.093818
3009	397178.499968	3688596.754839	0.984453	26.177020	0.073022
3010	396803.568943	3688554.500005	1.039600	28.372967	0.051042
3011	395214.499968	3687016.446181	1.176388	25.750787	0.155666
3012	396978.399462	3688607.600510	1.127205	28.379358	0.073072
3013	397391.499968	3688761.776267	1.344387	27.352480	0.038619
3014	395842.252276	3688027.747696	1.040524	28.009168	0.092176
3015	395664.279860	3687625.576770	0.995690	4.000001	0.133415
3016	397176.499968	3688570.654334	0.990090	28.161317	0.051974
3017	396831.497875	3688549.500005	1.042788	27.758712	0.140014
3018	395211.931425	3687042.068547	1.188197	26.368212	0.087657
3019	396980.499968	3688579.298994	1.129963	27.719656	0.070323
3020	397385.499968	3688735.089975	1.354424	25.650233	0.097872
3021	395188.499968	3687054.161909	1.190728	28.161317	0.090528
3022	395836.499968	3688000.335574	1.057440	27.052428	0.067181
3023	396093.499968	3688314.058446	1.087304	27.946829	0.084591
3024	397170.499968	3688543.139615	0.997394	28.343146	0.025704
3025	396857.690876	3688558.690913	1.045630	25.810942	0.077430
3026	396969.499968	3688553.855344	1.138153	13.161508	0.059004
3027	397394.810717	3688711.189255	1.358549	25.404090	0.093107
3028	395828.477673	3687974.500005	1.071292	27.410406	0.071945
3029	396094.499968	3688286.129514	1.089825	28.249989	0.066727
3030	397170.499968	3688514.796469	0.999437	27.061738	-0.063933
3031	396881.125905	3688547.874067	1.053744	27.877786	0.049957
3032	395194.499968	3687081.676628	1.193759	27.627647	0.059659
3033	396966.677637	3688541.000005	1.138658	13.161508	0.081836
3034	397383.461296	3688688.461333	1.362733	27.833328	0.044704
3035	395413.499968	3687634.500005	0.857009	26.528561	0.029054
3036	396089.711692	3688258.288280	1.098626	27.591418	0.069113
3037	395812.342067	3687952.342104	1.074303	25.687815	0.087382
3038	395179.499968	3687104.877638	1.196549	25.946372	0.074978
3039	396905.586187	3688534.500005	1.055942	20.006499	-0.029835
3040	396963.855307	3688528.144666	1.139447	6.057675	-0.201866
3041	397370.499968	3688663.830090	1.368648	23.522178	0.029255
3042	395415.014686	3687608.014723	0.871157	28.094240	0.027714
3043	396959.352151	3688524.092875	1.141831	7.133159	-0.135822
3044	396106.560934	3688236.439038	1.101317	25.673367	0.071057
3045	395800.590371	3687929.500005	1.080907	26.646458	0.052672
3046	395171.454766	3687129.545207	1.202033	25.723269	0.048467
3047	395400.165444	3687584.165481	0.875079	26.960151	0.020468
3048	396117.499968	3688213.212775	1.103548	26.165420	0.086304
3049	396952.978837	3688527.296440	1.142019	7.133159	0.007876
3050	395778.714650	3687914.285322	1.083247	25.151816	0.075590
3051	395163.499968	3687154.007581	1.207738	24.214056	0.088092
3052	395374.997442	3687574.500005	0.882107	26.960050	0.009666
3053	396113.499968	3688187.354910	1.105713	27.175040	0.107838
3054	396946.605523	3688530.500005	1.143778	25.168113	0.018990
3055	395757.499968	3687900.774175	1.089957	27.837192	0.049067
3056	395149.134527	3687173.500005	1.209517	26.406869	0.057343
3057	395349.830920	3687564.830957	0.890133	27.591418	0.030618
3058	396096.499968	3688166.153900	1.116382	27.944327	0.078093
3059	395744.499968	3687876.158951	1.092654	27.757390	0.049051
3060	395327.981678	3687547.981715	0.892851	28.384651	0.024148
3061	396103.815768	3688139.184204	1.121821	27.979327	0.067535
3062	395732.499968	3687851.129514	1.095290	27.936827	0.045204
3063	395311.718222	3687524.718259	0.894509	13.417306	0.006184
3064	395300.041598	3687518.109132	0.895210	13.417305	0.053055
3065	396117.957904	3688115.042068	1.126905	12.797087	0.301191
3066	395710.681642	3687833.681679	1.097375	25.644485	0.051945
3067	396925.499968	3688536.423886	1.105216	20.550471	0.109259
3068	395288.364975	3687511.500005	0.897230	11.865007	0.003318
3069	395712.075040	3687808.075077	1.099592	26.049154	0.053093
3070	397195.499968	3688504.436079	1.051704	17.882624	0.137667
3071	395699.347118	3687785.347155	1.101396	15.110659	-0.027010
3072	396120.499968	3688102.500005	1.143149	27.979327	0.073646
3073	396134.642103	3688078.357869	1.149851	24.409493	0.089656
3074	396140.370025	3688054.629947	1.153252	26.787509	0.136317
3075	396158.805054	3688035.194918	1.155483	25.631394	0.039361
3076	396362.499968	3688186.500005	1.141649	4.000000	0.033607
3077	395684.274571	3687784.274608	1.163970	21.830813	0.065428
3078	396183.546649	3688028.500005	1.167446	21.107020	0.069853
3079	396360.295695	3688183.162164	1.141713	4.000000	0.022812
3080	395685.840155	3687762.500005	1.164846	13.048461	0.015770
3081	396181.423849	3688007.500005	1.171249	27.159147	0.036769
3082	396358.091422	3688179.824323	1.142350	8.000000	0.013352
3083	396166.499968	3687984.808662	1.175216	20.406900	0.040443
3084	395676.779928	3687753.109871	1.165377	13.048460	0.080267
3085	396353.682877	3688173.148641	1.142710	12.229446	0.052311
3086	395269.499968	3687888.891924	1.223429	26.743636	0.124094
3087	396346.943618	3688162.943655	1.146212	28.966846	0.022404
3088	396328.558842	3688140.558879	1.150487	28.753725	0.025566
3089	395667.719701	3687743.719738	1.167396	16.984519	-0.087985
3090	396305.881172	3688122.881210	1.166188	27.729064	0.021719
3091	395264.499968	3687862.619846	1.234084	27.693955	0.084368
3092	396294.499968	3688097.595459	1.168441	25.760002	0.103618
3093	395255.607615	3687836.392357	1.236330	26.415368	0.120854
3094	396291.960862	3688071.960899	1.170850	13.688235	0.028105
3095	395265.214217	3687811.785755	1.238329	25.648979	0.097690
3096	396285.230415	3688060.041635	1.171172	6.844118	0.043858
3097	395254.460429	3687788.500005	1.241634	25.311648	0.100263
3098	396281.865191	3688054.082003	1.172663	6.844117	0.090624
3099	395254.499968	3687763.188388	1.244859	26.984405	0.083711
3100	396278.499968	3688048.122371	1.172737	3.298000	0.070029
3101	395258.499968	3687736.502097	1.252045	27.710127	0.076862
3102	395254.137486	3687709.137523	1.253975	24.681763	0.094997
3103	395679.232940	3687731.232977	1.239191	14.133175	0.024719
3104	395249.004585	3687684.995387	1.285335	26.440292	0.080198
3105	397367.499968	3688640.500005	1.708781	9.486833	0.056401
3106	395667.491346	3687723.366491	1.239749	14.133176	0.032299
3107	395266.499968	3687665.171144	1.291761	27.946829	0.092440
3108	395655.749751	3687715.500005	1.240688	28.193788	0.018850
3109	395267.499968	3687637.242212	1.294435	26.271246	0.099313
3110	395632.120242	3687700.120279	1.242175	28.384651	0.022495
3111	395284.499968	3687617.212775	1.299575	27.188639	0.087106
3112	395608.856786	3687683.856823	1.244035	28.094241	0.023259
3113	395291.499968	3687590.940697	1.305572	27.849941	0.072788
3114	395585.007543	3687669.007581	1.246398	28.705267	0.030746
3115	395304.623380	3687566.376592	1.307391	27.078981	0.097439
3116	395562.259419	3687651.500005	1.249131	29.256915	0.031333
3117	395300.598381	3687539.598418	1.308329	13.987487	0.034204
3118	395540.237991	3687632.238028	1.251838	29.198481	0.039321
3119	395291.549174	3687528.932508	1.310793	13.987485	0.025608
3120	395518.146108	3687613.146145	1.254137	29.448191	0.025920
3121	395663.499968	3687629.500005	1.272283	4.000001	0.017135
3122	395282.499968	3687518.266599	1.311149	9.043605	0.018732
3123	395496.347118	3687593.347155	1.256475	29.198481	0.035651
3124	395659.562567	3687630.204901	1.274841	4.000000	-0.015533
3125	395474.255235	3687574.255272	1.259527	33.293413	0.187786
3126	395655.625167	3687630.909797	1.274949	8.000000	0.036655
3127	395647.750366	3687632.319590	1.275114	4.372967	0.079941
3128	396276.499968	3688045.500005	1.223247	4.000001	-0.040184
3129	395643.445836	3687633.090212	1.275169	4.000000	0.027878
3130	396273.973975	3688042.398495	1.223562	4.000000	-0.033958
3131	395639.508436	3687633.795108	1.275392	4.000001	0.044029
3132	396271.447982	3688039.296986	1.223663	8.000000	0.101597
3133	395635.571035	3687634.500005	1.275412	1.229777	0.022309
3134	396266.395996	3688033.093967	1.224086	11.801108	0.036765
3135	396258.943618	3688023.943655	1.225007	17.452520	0.076181
3136	395634.401689	3687634.119242	1.275467	1.999999	0.050293
3137	397364.499968	3688631.500005	1.845144	16.000000	0.014399
3138	397349.013590	3688635.521459	1.845536	9.120099	0.046917
3139	397340.186259	3688637.813713	1.847035	20.505431	0.055459
3140	396926.117283	3688515.882689	1.638779	14.035311	0.059562
3141	397321.499968	3688629.370062	1.851141	28.078156	0.043423
3142	396935.308625	3688505.275654	1.639259	14.035312	0.054848
3143	397315.044123	3688602.044160	1.852953	8.361988	-0.012288
3144	396944.499968	3688494.668619	1.640962	27.751806	0.138042
3145	397310.051999	3688595.335841	1.853147	8.000000	0.027920
3146	397305.275983	3688588.917923	1.853224	4.000000	0.107826
3147	397302.887975	3688585.708964	1.853391	3.999999	0.025482
3148	396956.401554	3688469.598418	1.659960	13.315105	0.049495
3149	396960.835786	3688457.043355	1.660204	8.000000	0.106087
3150	396963.499968	3688449.500005	1.664614	26.953159	0.027944
3151	396953.499968	3688424.470567	1.665457	13.343145	0.028639
3152	396953.499968	3688411.127422	1.665684	6.671573	0.022912
3153	396953.499968	3688404.455849	1.665803	6.671573	0.159130
3154	396953.499968	3688397.784276	1.665860	3.433138	0.027032
3155	396954.499968	3688394.500005	1.670222	13.416408	0.039977
3156	395276.499968	3687511.500005	1.633750	25.414214	0.029554
3157	395258.529405	3687493.529442	1.653961	26.319417	0.094038
3158	395251.955812	3687468.044160	1.656830	26.090291	0.027924
3159	395237.240083	3687446.500005	1.661070	19.524815	0.059240
3160	395243.118763	3687427.881210	1.664810	26.918190	0.027900
3161	395231.567464	3687403.567501	1.666162	28.271118	0.016885
3162	395215.222839	3687380.500005	1.666804	8.018485	0.005264
3163	397300.499968	3688582.500005	2.081463	8.000001	0.018524
3164	397292.881409	3688580.059192	2.083266	8.000000	0.016953
3165	397285.262851	3688577.618379	2.084623	11.811332	0.056894
3166	397274.014686	3688574.014723	2.085466	28.966846	0.027805
3167	397251.629910	3688555.629947	2.093131	27.977524	0.033732
3168	397237.499968	3688531.482761	2.094213	27.719657	0.032514
3169	397226.499968	3688506.039110	2.098245	13.112441	0.017197
3170	397216.180162	3688497.949752	2.099335	13.112440	0.071034
3171	395215.766995	3687372.500005	1.692379	14.356666	0.023899
3172	395201.467892	3687371.215675	1.692579	8.000000	0.021626
3173	395193.499968	3687370.500005	1.698113	27.902541	0.019734
3174	395172.499968	3687352.127422	1.701862	27.869911	0.013702
3175	395156.387269	3687329.387306	1.716678	28.030134	0.018492
3176	395138.123813	3687308.123850	1.722072	32.633540	0.049766
3177	395105.499968	3687308.919269	1.727386	17.622098	0.040612
3178	395088.182688	3687312.182725	1.732266	27.373096	0.016808
3179	395068.333445	3687293.333482	1.738754	27.716385	0.021022
3180	395057.726844	3687267.726881	1.743146	27.861118	0.030379
3181	395044.499968	3687243.205632	1.751597	27.526868	0.013697
3182	395025.907038	3687222.907075	1.753543	28.677152	0.014988
3183	395003.117283	3687205.500005	1.755465	27.776314	0.021644
3184	394978.208554	3687193.208591	1.766712	28.492466	0.014375
3185	394955.129477	3687176.500005	1.772493	29.122201	0.018493
3186	394933.499968	3687156.999571	1.774460	27.784113	0.017533
3187	394911.296865	3687140.296902	1.782079	28.514775	0.017035
3188	394888.254368	3687123.500005	1.787159	28.612442	0.019759
3189	394867.648633	3687103.648670	1.791068	14.388993	0.020316
3190	394856.907345	3687094.074337	1.791435	12.717282	0.014996
3191	397205.860357	3688489.860394	2.397166	13.739563	-0.002623
3192	397203.180162	3688476.384781	2.397296	6.869782	0.029270
3193	397201.840065	3688469.646974	2.397705	6.869781	0.021478
3194	397200.499968	3688462.909168	2.397763	4.521141	0.032292
3195	397199.499968	3688458.500005	2.514889	13.568791	0.019500
3196	397188.192356	3688451.000005	2.515432	13.568791	0.053250
3197	397176.884744	3688443.500005	2.515798	13.832813	0.044232
3198	397164.192356	3688438.000005	2.516148	13.832813	0.081461
3199	397151.499968	3688432.500005	2.798896	15.652476	0.016604
3200	397137.499968	3688439.500005	2.805953	27.587312	0.021583
3201	397109.985249	3688437.500005	2.807047	27.230352	0.028939
3202	397085.541598	3688425.500005	2.816019	25.953350	0.030723
3203	397069.499968	3688405.097984	2.818521	27.499586	0.029374
3204	397049.366454	3688386.366491	2.823020	26.227374	0.061403
3205	397029.281713	3688369.500005	2.843258	28.624009	0.016650
3206	397000.938568	3688373.500005	2.849458	28.642348	0.028712
3207	396972.567464	3688377.432508	2.850731	8.595201	0.016013
3208	396964.156678	3688379.203429	2.851846	15.999999	0.016930
3209	396948.499968	3688382.500005	3.382770	13.989663	0.017541
3210	396934.964434	3688378.964471	3.383376	13.989663	0.035619
3211	396921.428900	3688375.428937	3.386778	27.716386	0.037709
3212	396895.822298	3688364.822335	3.387991	27.826448	0.016468
3213	396869.269520	3688356.500005	3.401941	24.753478	0.023379
3214	396861.499968	3688332.997479	3.407311	29.240053	0.030865
3215	396859.499968	3688303.825906	3.418551	27.791849	0.018159
3216	396847.002493	3688279.002530	3.421096	27.742137	0.033516
3217	396820.938568	3688269.500005	3.421768	14.186483	0.018350
3218	396806.974102	3688267.000005	3.422056	14.186483	0.017569
3219	396793.009636	3688264.500005	3.427476	20.581735	0.040175
3220	396774.499968	3688255.500005	3.429960	19.416488	0.037421
3221	396758.499968	3688244.500005	3.569750	27.958700	0.017791
3222	396734.298957	3688230.500005	3.577487	25.026145	0.047058
3223	396709.458337	3688233.541635	3.579359	24.204857	0.026574
3224	396685.437522	3688230.562450	3.585002	28.443884	0.033426
3225	396657.068510	3688228.500005	3.586003	28.161317	0.027109
3226	396629.553791	3688222.500005	3.589922	26.841730	0.067402
3227	396604.499968	3688212.867537	3.597470	27.329127	0.031414
3228	396581.252276	3688198.500005	3.598771	13.814274	0.019513
3229	396570.376122	3688189.982761	3.598859	6.907137	0.031763
3230	396564.938045	3688185.724139	3.600146	6.329680	0.052871
3231	396563.346359	3688179.597853	3.692606	3.999999	0.079102
3232	396559.499968	3688178.500005	3.692737	8.000001	0.022831
3233	396552.575179	3688174.494096	3.693031	8.000000	0.024479
3234	396545.650391	3688170.488187	3.694113	11.958700	0.026507
3235	396535.298957	3688164.500005	3.694257	8.511098	0.026896
3236	396527.382362	3688161.374894	3.695198	8.000000	0.034721
3237	396519.941165	3688158.437449	3.695303	4.000000	0.017631
3238	396516.220566	3688156.968727	3.695322	3.999999	0.027001
3239	396512.499968	3688155.500005	3.817607	4.000000	0.014961
3240	396508.668430	3688154.351389	3.817638	4.000000	0.015488
3241	396504.836892	3688153.202773	3.819944	8.000000	0.015968
3242	396497.173817	3688150.905541	3.820109	11.859615	0.019590
3243	396485.813676	3688147.500005	3.821147	26.236928	0.024254
3244	396460.993871	3688138.993908	3.824633	27.758624	0.036788
3245	396434.801483	3688129.801520	3.827570	28.822183	0.029648
3246	396406.169015	3688126.500005	3.829556	25.905049	0.042895
3247	396394.754802	3688103.245171	3.831078	23.975869	0.032414
3248	396375.110141	3688089.500005	3.832314	22.922447	0.030112
3249	396376.627818	3688066.627855	3.918782	14.145238	0.035872
3250	396362.482724	3688066.563930	3.919708	14.145239	0.029840
3251	396348.337629	3688066.500005	3.919799	4.495209	0.036884
3252	396344.078976	3688065.060986	3.920081	7.999999	0.038124
3253	396336.499968	3688062.500005	3.922135	14.060688	0.014902
3254	396328.999968	3688050.606606	3.922449	14.060687	0.014928
3255	396321.499968	3688038.713208	3.923969	28.059445	0.040431
3256	396299.340588	3688021.500005	3.942914	27.188639	0.010453
3257	396273.068510	3688014.500005	3.943320	15.751360	0.030658
3258	396259.499968	3688006.500005	4.185178	28.753726	0.021526
3259	396236.822298	3687988.822335	4.188177	27.144816	0.015202
3260	396210.683734	3687981.500005	4.188945	27.859616	0.023133
3261	396183.997442	3687973.500005	4.189548	21.474438	0.023430
3262	396164.499968	3687964.500005	4.400512	27.837192	0.013426
3263	396139.884744	3687951.500005	4.404935	26.023283	0.015578
3264	396127.499968	3687928.612703	4.405686	27.724161	0.021846
3265	396117.499968	3687902.754839	4.406053	13.590093	0.029841
3266	396114.499968	3687889.500005	4.430295	27.206581	0.028877
3267	396102.893366	3687864.893403	4.430965	10.831651	0.006105
3268	396097.499968	3687855.500005	4.598300	26.085405	0.028682
3269	396074.884744	3687842.500005	4.599447	27.717950	0.017527
3270	396049.165444	3687832.165481	4.602499	27.176114	0.023301
3271	396023.973056	3687821.973093	4.603134	27.923138	0.025730
3272	395997.068510	3687814.500005	4.603481	14.456709	0.012123
3273	395982.689830	3687813.000005	4.603915	14.456708	0.023237
3274	395968.311151	3687811.500005	4.604070	12.828532	0.014535
3275	395955.490339	3687811.944999	4.604117	4.000000	0.038345
3276	395951.492746	3687812.083750	4.604136	4.000000	0.033256
3277	395947.495153	3687812.222502	4.604148	3.227654	0.049015
3278	395946.161872	3687815.161909	4.633579	2.000000	0.015015
3279	395944.304644	3687814.419815	4.633614	1.999999	0.005020
3280	395942.447417	3687813.677720	4.633622	1.174031	0.033844
3281	395941.357195	3687813.242099	4.633738	1.999999	0.020767
3282	395939.499968	3687812.500005	4.633935	8.000000	0.026611
3283	395932.541684	3687808.552564	4.634059	8.000000	0.008068
3284	395925.583401	3687804.605122	4.635192	11.593012	0.006628
3285	395915.499968	3687798.884781	4.636427	28.175039	0.034404
3286	395900.215696	3687775.215733	4.637112	27.322906	0.023565
3287	395887.194881	3687751.194918	4.642437	27.218427	0.019266
3288	395870.052745	3687730.052782	4.643971	26.534130	0.034558
3289	395845.324823	3687739.675149	4.645745	26.430886	0.022371
3290	395819.132435	3687736.132472	4.647566	28.954532	0.014192
3291	395799.499968	3687714.850293	4.649077	24.751211	0.028749
3292	395775.605523	3687708.394449	4.651335	26.318999	0.024100
3293	395750.205595	3687701.500005	4.652190	27.587312	0.022667
3294	395722.690876	3687703.500005	4.653711	26.418765	0.014412
3295	395698.028359	3687694.028396	4.654311	27.980378	0.041358
3296	395681.472010	3687671.472047	4.654600	14.058137	0.019687
3297	395669.572821	3687663.986026	4.656099	14.058137	0.031066
3298	395657.673632	3687656.500005	4.656412	14.359315	0.015478
3299	395646.309365	3687647.722570	4.656518	7.179658	0.012212
3300	395640.627231	3687643.333852	4.656836	7.179657	0.017861
3301	395634.945098	3687638.945135	4.656865	3.968929	0.014617
3302	395633.319254	3687635.324496	4.656872	1.999999	0.037903
3303	395632.499968	3687633.500005	4.880841	3.607887	0.013331
3304	395629.826870	3687631.076908	4.880958	3.607887	0.046099
3305	395627.153773	3687628.653811	4.881824	7.215774	0.019307
3306	395621.807579	3687623.807616	4.882155	14.431547	0.013642
3307	395611.115191	3687614.115228	4.883033	28.013462	0.025412
3308	395588.499968	3687597.583266	4.886612	27.806143	0.015801
3309	395575.830920	3687572.830957	4.888091	26.673150	0.022078
3310	395570.499968	3687546.695964	4.890494	27.067898	0.028456
3311	395552.667969	3687526.332003	4.896734	28.753725	0.016536
3312	395529.990300	3687544.009673	4.897521	28.496055	0.033869
3313	395501.850256	3687548.500005	4.899158	27.915660	0.023372
3314	395474.969484	3687540.969521	5.109810	29.129904	0.027739
3315	395454.877601	3687519.877638	5.112788	27.980378	0.021116
3316	395438.321252	3687497.321289	5.113377	29.129904	0.019219
3317	395417.229369	3687477.229406	5.114653	15.831216	0.001103
3318	395419.572515	3687461.572552	5.116697	12.947802	-0.318330
3319	395432.229369	3687458.843150	5.116873	12.947802	0.051858
3320	395444.886223	3687456.113749	5.148910	28.723817	-0.091365
3321	395461.240083	3687432.500005	5.153596	13.636969	0.021741
3322	395450.060628	3687424.690607	5.153757	13.636969	0.066422
3323	395438.881172	3687416.881210	5.154159	4.986490	0.040466
3324	395434.499968	3687414.500005	5.223347	16.000000	0.020586
3325	395419.173817	3687409.905541	5.223714	11.859615	0.055409
3326	395407.813676	3687406.500005	5.224275	14.765636	0.016007
3327	395393.989750	3687401.311259	5.224394	7.999999	0.080250
3328	395386.499968	3687398.500005	5.225575	8.000001	-0.016209
3329	395378.836892	3687396.202773	5.225640	8.000000	0.019322
3330	395371.173817	3687393.905541	5.225740	11.859615	0.060077
3331	395359.813676	3687390.500005	5.226574	28.737400	0.021348
3332	395339.337017	3687370.337054	5.229584	27.748366	0.020582
3333	395314.240083	3687358.500005	5.230363	25.361360	0.027686
3334	395289.002493	3687361.002530	5.230805	26.385566	0.032703
3335	395275.395891	3687338.395928	5.231397	27.826933	0.038254
3336	395262.499968	3687313.737595	5.232024	27.716984	0.025487
3337	395252.061367	3687288.061404	5.232541	27.351041	0.036016
3338	395231.092897	3687270.500005	5.233083	27.798912	0.038419
3339	395210.655776	3687251.655813	5.233552	23.565481	0.029326
3340	395194.499968	3687234.500005	5.233778	11.416488	0.003176
3341	395188.032198	3687225.092340	5.233863	7.999999	0.063297
3342	395183.499968	3687218.500005	5.279254	3.605551	0.020720
3343	395181.499968	3687215.500005	5.297695	16.000001	-0.001413
3344	395166.577034	3687209.728865	5.297864	11.724162	0.045981
3345	395155.642103	3687205.500005	5.298517	26.190391	0.022204
3346	395132.220747	3687193.779225	5.481742	22.087197	0.057608
3347	395113.499968	3687205.500005	5.483650	27.520359	0.010057
3348	395095.713171	3687184.500005	5.484307	13.978738	0.036127
3349	395083.610880	3687177.504316	5.485240	13.978738	0.052053
3350	395071.508589	3687170.508627	5.485351	7.822392	0.051404
3351	395066.499968	3687164.500005	5.493225	16.000000	0.029917
3352	395054.914961	3687153.464262	5.493535	13.129904	0.014680
3353	395045.408084	3687144.408122	5.494551	14.724096	0.019234
3354	395035.508589	3687133.508627	5.495134	14.724095	0.012680
3355	395025.609095	3687122.609132	5.498069	26.982539	0.031962
3356	395000.210646	3687113.500005	5.500467	29.129586	0.031967
3357	394971.174066	3687111.174103	5.501159	28.229445	0.031440
3358	394955.617717	3687087.617754	5.516903	29.183563	0.017964
3359	394926.494917	3687089.500005	5.517279	13.973414	0.016782
3360	394912.530451	3687090.000005	5.517774	13.973414	0.033762
3361	394898.565985	3687090.500005	5.518208	5.887659	0.015591
3362	394893.499968	3687087.500005	5.518981	8.000000	0.006824
3363	394885.505091	3687087.786262	5.519231	8.000000	0.006340
3364	394877.510214	3687088.072520	5.519578	11.946830	0.027389
3365	394865.571035	3687088.500005	5.519694	13.585814	0.020120
3366	394853.782453	3687081.746956	5.880660	6.792907	0.022279
3367	394847.888162	3687078.370432	5.883284	6.212765	0.014461
3368	394841.780706	3687079.509480	5.883747	4.000000	0.024475
3369	394839.140337	3687076.504742	5.883776	2.000000	0.014359
3370	394837.820152	3687075.002374	5.883779	2.000000	0.027985
3371	394836.499968	3687073.500005	5.883802	6.770664	0.013603
3372	394830.817987	3687069.818024	5.885336	6.770664	0.019656
3373	394825.136006	3687066.136044	5.885428	13.541327	0.028847
3374	394813.772045	3687058.772083	5.887896	29.448191	0.014345
3375	394791.973056	3687038.973093	5.889098	29.129904	0.015833
3376	394771.881172	3687017.881210	5.890971	26.738466	0.020049
3377	394756.499968	3686996.009673	5.891885	28.262635	0.016002
3378	394736.051266	3686976.500005	5.892598	13.941448	0.014520
3379	394724.692356	3686968.416743	5.894070	13.941448	0.014734
3380	394713.333445	3686960.333482	5.894425	14.047120	0.019883
3381	394701.408824	3686952.908861	5.894923	14.047120	0.012153
3382	394689.484203	3686945.484240	5.898651	27.808027	0.015641
3383	394666.634960	3686929.634998	5.901394	27.014285	0.023982
3384	394641.028359	3686921.028396	5.903054	28.384651	0.008707
3385	394617.764903	3686904.764940	5.904777	29.129904	0.019340
3386	394596.673020	3686884.673057	5.906731	28.094242	0.014860
3387	394572.823777	3686869.823814	5.908083	28.840925	0.014831
3388	394551.413748	3686850.500005	5.909184	14.548919	0.016636
3389	394541.456858	3686839.891924	5.909660	14.548919	0.026591
3390	394531.499968	3686829.283843	5.910578	27.764426	0.017230
3391	394510.790769	3686810.790806	5.912748	27.718494	0.014569
3392	394485.053358	3686800.500005	5.913823	14.424276	0.019255
3393	394473.781280	3686791.500005	5.914297	14.424276	0.015773
3394	394462.509202	3686782.500005	5.915448	29.196259	0.012915
3395	394440.414614	3686763.414651	5.916818	26.278150	0.016570
3396	394423.393799	3686743.393836	5.917438	22.577151	0.017180
3397	394405.999968	3686729.000005	5.924242	63.480642	0.015380
3398	394342.623660	3686732.638062	5.924242	0.0	0.0
