1
395403.000401,3687529.000438
395428.899896,3687538.899933
395454.877601,3687519.877638
END
2
395376.935609,3687519.500005
395351.077745,3687509.500005
395326.887702,3687496.887740
395311.499968,3687475.604694
395306.499968,3687447.675762
395308.499968,3687431.500005
END
3
395529.499968,3687400.500005
395505.470530,3687411.500005
395484.751230,3687428.248742
395461.240083,3687432.500005
END
4
395668.499968,3687761.394449
395663.619137,3687749.866875
395667.719701,3687743.719738
END
5
396800.499968,3688601.500005
396825.600473,3688610.500005
396853.529405,3688609.500005
396875.662918,3688593.337054
396901.855307,3688584.144666
396907.499968,3688558.968042
396925.499968,3688536.423886
END
6
397188.406299,3688492.374373
397181.312630,3688480.312667
397170.380433,3688471.906336
397159.448236,3688463.500005
397139.499968,3688457.500005
397137.499968,3688439.500005
END
7
394901.499968,3687065.500005
394896.233912,3687079.981657
394893.499968,3687087.500005
END
8
395157.499968,3687003.500005
395131.600473,3687013.399500
395123.499968,3687039.215733
395127.094376,3687064.905596
395116.366454,3687089.633518
395103.499968,3687113.132472
395093.210646,3687135.210683
395087.465480,3687157.500005
395074.088185,3687161.966438
395066.499968,3687164.500005
END
9
395483.499968,3687257.500005
395458.186259,3687268.813713
395434.044123,3687274.955849
395408.144628,3687282.855344
395388.382219,3687300.500005
395362.524354,3687304.500005
395335.009636,3687306.500005
395310.132435,3687306.132472
395290.499968,3687285.500005
END
10
395333.499968,3687268.500005
395307.227890,3687277.500005
395290.499968,3687285.500005
END
11
395963.499968,3687298.500005
395937.642103,3687308.500005
395919.499968,3687327.387306
395920.508589,3687354.491383
395911.807568,3687367.918677
395905.780667,3687377.219305
395900.397016,3687384.173954
395895.499968,3687390.500005
END
12
396348.446144,3688081.446181
396340.766847,3688069.267112
396336.499968,3688062.500005
END
13
397030.499968,3688214.500005
397004.227890,3688221.500005
396977.541598,3688225.500005
396951.269520,3688228.500005
396924.997442,3688219.500005
396897.896937,3688226.500005
396870.416706,3688220.583266
396858.276050,3688207.723922
END
14
396818.499968,3689147.500005
396834.763423,3689124.236549
396853.441093,3689102.558879
396873.754802,3689086.245171
396894.846685,3689066.153288
396918.695927,3689051.304045
396943.130956,3689037.869016
396954.983463,3689031.684510
396966.835971,3689025.500005
396974.499968,3689026.500005
END
15
396988.499968,3688424.500005
396976.575346,3688417.075383
396964.650725,3688409.650762
396961.801772,3688405.398489
396958.952819,3688401.146215
396956.726393,3688397.823110
396954.499968,3688394.500005
END
16
397124.499968,3688761.500005
397136.813676,3688737.186296
397155.499968,3688718.441130
END
17
397181.499968,3688422.500005
397169.499968,3688422.500005
397153.499968,3688422.500005
END
18
397548.499968,3687812.500005
397562.499968,3687836.701015
397577.499968,3687860.487811
397592.340588,3687884.340625
397591.499968,3687912.203540
397607.260898,3687934.260935
397623.499968,3687956.362920
397638.252276,3687980.252313
397648.499968,3688006.007581
397649.808625,3688033.808662
397648.499968,3688061.865445
397653.122334,3688089.122371
397651.499968,3688116.480669
397641.614145,3688142.385827
397647.499968,3688168.196397
397651.179116,3688193.820856
397633.622767,3688215.377205
397616.359311,3688237.640661
397601.217176,3688260.782797
397591.499968,3688285.929370
397596.246613,3688313.753359
397583.225798,3688337.774175
397566.790769,3688359.209203
397543.598381,3688371.401592
397522.163352,3688387.836620
397497.408697,3688398.500005
397477.293294,3688416.706678
397459.615624,3688439.384348
397439.766382,3688458.233590
397422.375689,3688477.375726
397405.499968,3688498.525258
397389.499968,3688518.968909
397377.561801,3688543.438172
397353.386403,3688557.500005
397328.398850,3688569.601122
397315.802656,3688574.697316
397309.504559,3688577.245414
397303.206462,3688579.793511
397300.499968,3688582.500005
END
19
395417.499968,3688299.500005
395417.499968,3688270.328432
395412.499968,3688242.399500
395401.115191,3688217.115228
395389.499968,3688191.926411
395387.499968,3688164.411693
395388.976627,3688135.023345
395393.926374,3688107.073598
395394.499968,3688078.968042
END
20
395601.499968,3688092.500005
395612.499968,3688067.056354
395613.357832,3688038.357869
395602.751230,3688012.751267
395594.499968,3687986.169052
395599.499968,3687959.068547
395592.123813,3687932.123850
395594.499968,3687906.110178
395592.499968,3687880.252313
395588.499968,3687854.394449
395576.525833,3687830.525871
395568.545169,3687804.454803
395570.499968,3687776.921361
395570.499968,3687762.749788
395570.499968,3687755.664002
395570.499968,3687748.578215
395570.499968,3687745.500005
END
21
395928.499968,3687406.500005
395917.793683,3687411.285071
395903.186259,3687417.813713
395895.499968,3687390.500005
END
22
395948.499968,3688275.500005
395964.499968,3688256.470567
395969.246417,3688245.808521
395972.499968,3688238.500005
END
23
396081.499968,3688552.500005
396089.399462,3688526.600510
396098.591851,3688500.408122
396106.499968,3688474.512198
END
24
397002.499968,3689116.500005
397008.156822,3689088.843150
397011.349210,3689062.650762
397027.487774,3689040.500005
397038.437522,3689019.437559
397038.499968,3689004.500005
END
25
397782.499968,3688263.500005
397788.499968,3688290.186296
397784.177637,3688316.177674
397802.499968,3688334.487811
397785.499968,3688356.274608
397770.517211,3688379.482761
397759.203503,3688404.796469
397747.499968,3688429.948706
397739.283193,3688455.716779
397718.499968,3688475.936513
397697.998921,3688491.001051
397682.685213,3688512.314759
397657.371504,3688521.371542
397630.217788,3688524.500005
397604.774137,3688535.500005
397581.744700,3688545.500005
397558.409564,3688561.590408
END
26
395124.499968,3688250.500005
395134.399462,3688224.600510
395144.499968,3688198.784276
395152.499968,3688172.097984
395155.999968,3688158.547732
395157.749968,3688151.772606
395159.499968,3688144.997479
395160.499968,3688141.500005
END
27
395240.499968,3687140.500005
395233.692356,3687164.692393
395221.441093,3687187.500005
395203.499968,3687203.659384
395192.499968,3687209.579694
395188.544476,3687211.708580
395181.499968,3687215.500005
END
28
395300.499968,3688409.500005
395314.499968,3688385.298994
395324.499968,3688359.441130
395323.499968,3688331.512198
395322.499968,3688302.754839
395331.499968,3688276.482761
395332.499968,3688248.553828
395338.499968,3688221.867537
395337.499968,3688192.281751
395327.499968,3688166.423886
395331.210646,3688138.789326
395335.499968,3688110.566022
395341.499968,3688083.051303
395350.499968,3688056.779225
395362.080703,3688033.919269
395370.248040,3688024.534676
395375.499968,3688018.500005
END
29
395844.499968,3687820.500005
395816.985249,3687814.500005
395794.993871,3687797.993908
395774.609095,3687777.609132
395748.830920,3687770.830957
395727.688784,3687755.311188
395701.910610,3687748.910647
395679.232940,3687731.232977
END
30
395709.499968,3687965.500005
395709.499968,3687937.985286
395708.499968,3687910.884781
395700.700978,3687884.701015
395685.265949,3687862.265986
395684.499968,3687835.896974
395689.654296,3687811.345676
395684.274571,3687784.274608
END
31
395892.499968,3688662.500005
395915.813676,3688649.186296
395938.491346,3688631.508627
395961.926374,3688617.073598
395978.896937,3688594.103035
395997.676591,3688575.500005
396013.507006,3688576.164495
396021.499968,3688576.500005
END
32
396079.499968,3687245.500005
396059.064939,3687262.935033
396042.337017,3687283.662956
396028.194881,3687307.805091
396015.466959,3687332.533013
396012.499968,3687343.500005
END
33
396284.499968,3688328.500005
396285.272824,3688318.452876
396285.886396,3688310.476440
396286.499968,3688302.500005
END
34
396958.499968,3687836.500005
396945.064939,3687860.935033
396936.579657,3687887.420315
396916.194881,3687907.805091
396898.499968,3687928.132472
396881.499968,3687950.505055
396848.609095,3687948.390878
END
35
397402.499968,3688171.500005
397391.186259,3688196.813713
397385.499968,3688224.458374
397380.499968,3688252.387306
397378.680162,3688278.319810
397371.499968,3688305.345676
397363.553791,3688331.500005
397345.274571,3688352.725401
397338.082183,3688378.917790
397334.499968,3688404.948706
397334.576086,3688427.423886
397327.712125,3688439.287847
397320.848164,3688451.151808
397310.499968,3688460.500005
END
36
395745.499968,3687386.500005
395719.227890,3687393.500005
395692.822298,3687390.177674
395669.922803,3687403.077169
395645.825869,3687414.500005
395619.553791,3687423.500005
395597.499968,3687435.889832
395577.960862,3687456.039110
395551.879693,3687459.500005
395533.212125,3687479.787847
395511.891887,3687496.500005
395484.791381,3687489.500005
395463.499968,3687474.590408
395444.886223,3687456.113749
END
37
395858.499968,3687039.500005
395829.964434,3687035.964471
395803.056317,3687032.500005
395779.499968,3687019.612703
395757.973056,3687004.973093
395742.499968,3686994.500005
END
38
395785.499968,3688595.500005
395809.943618,3688583.500005
395836.884744,3688576.115228
395861.612666,3688563.387306
395887.931425,3688554.500005
395915.446144,3688548.500005
395936.775617,3688535.224355
395952.210646,3688512.789326
395963.524354,3688487.475618
395972.959383,3688463.040589
395981.499968,3688436.578215
395980.637053,3688410.362920
395998.243654,3688391.756318
396019.924282,3688374.500005
396036.578178,3688356.421794
396044.891887,3688332.108086
396071.377168,3688329.622804
396093.499968,3688314.058446
END
39
396244.499968,3687922.500005
396220.470530,3687925.500005
396195.855307,3687934.500005
396171.609095,3687920.609132
396157.538027,3687902.538064
396132.110141,3687891.500005
396114.499968,3687889.500005
END
40
396203.499968,3688762.500005
396210.499968,3688735.399500
396219.499968,3688709.127422
396231.499968,3688684.097984
396246.499968,3688660.896974
396251.499968,3688632.968042
396254.947190,3688606.052782
396254.395891,3688578.395928
396253.499968,3688551.252313
396257.499968,3688523.737595
396239.940047,3688503.940084
396227.919232,3688478.919269
396223.499968,3688450.749788
396216.069989,3688426.070026
396213.072081,3688407.927891
396226.971576,3688388.028396
396234.456858,3688362.543114
396244.356353,3688336.643620
396257.791381,3688312.208591
396269.952240,3688307.354298
396282.113099,3688302.500005
396286.499968,3688302.500005
END
41
396481.499968,3689007.500005
396481.499968,3688979.985286
396478.650725,3688953.650762
396477.499968,3688925.784276
396476.499968,3688898.683771
396491.219268,3688874.780705
396502.499968,3688849.453323
396511.499968,3688825.423886
396506.499968,3688798.080740
396506.304008,3688772.304045
396496.009636,3688748.990337
396491.793907,3688737.745171
396489.686042,3688732.122588
396487.578178,3688726.500005
396485.499968,3688724.500005
END
42
396649.499968,3688861.500005
396672.642103,3688846.357869
396697.730415,3688834.500005
396724.830920,3688835.500005
396745.031930,3688819.500005
396770.482724,3688822.517249
396791.624859,3688805.375113
396810.716742,3688783.283230
396832.593330,3688766.500005
396852.415227,3688747.584745
396863.072081,3688730.072118
396880.800003,3688711.199969
396902.499968,3688695.460466
396921.499968,3688673.330524
396931.499968,3688649.129514
396955.661439,3688637.338533
396967.499968,3688632.500005
END
43
396889.499968,3689228.500005
396897.499968,3689201.813713
396906.499968,3689175.541635
396916.499968,3689149.683771
396917.680162,3689121.680199
396933.047695,3689099.952277
396934.499968,3689073.039110
396955.499968,3689056.423886
396962.999968,3689045.409168
396970.499968,3689034.394449
396974.499968,3689026.500005
END
44
397122.499968,3689521.500005
397134.499968,3689496.470567
397137.499968,3689468.541635
397132.499968,3689455.500005
END
45
397288.499968,3688642.500005
397274.943618,3688618.943655
397265.397677,3688607.897714
397255.851735,3688596.851772
397239.295386,3688574.295423
397224.324823,3688551.324860
397209.499968,3688528.637090
397202.499968,3688516.536585
397195.499968,3688504.436079
END
46
397347.499968,3687989.500005
397323.943618,3688005.056354
397297.855307,3688014.500005
397271.169015,3688022.500005
397247.068510,3688030.500005
397232.040252,3688025.172852
397224.499968,3688022.500005
END
47
397635.499968,3688827.500005
397640.499968,3688801.813713
397624.499968,3688779.026917
397607.754802,3688760.500005
397581.068510,3688752.500005
397558.796432,3688739.500005
397548.499968,3688729.500005
397521.813676,3688725.500005
397496.115191,3688719.884781
397484.472982,3688720.843463
397480.486475,3688721.171734
397476.499968,3688721.500005
END
48
396029.499968,3687712.500005
396032.499968,3687741.257364
396010.127385,3687750.500005
395985.801483,3687738.801520
395965.830920,3687718.830957
395943.688784,3687702.688821
395918.375076,3687691.375113
395892.182688,3687682.182725
395864.536547,3687678.500005
395836.607615,3687679.500005
395828.264150,3687677.428078
395824.382059,3687676.464041
395822.441013,3687675.982023
395820.499968,3687675.500005
END
49
396484.499968,3688401.500005
396477.999968,3688389.485286
396471.499968,3688377.470567
396465.504064,3688369.986720
396455.499968,3688357.500005
END
50
396851.499968,3687494.500005
396834.499968,3687513.701015
396830.499968,3687541.215733
396828.077132,3687568.077169
396828.499968,3687595.416743
396824.499968,3687623.759889
396811.499968,3687648.375113
396804.499968,3687675.475618
396799.499968,3687703.404550
396788.667969,3687728.332003
396771.499968,3687749.463425
396767.499968,3687776.149716
396771.499968,3687803.664435
396760.484203,3687828.515769
396743.499968,3687850.309096
396730.199932,3687874.800040
396705.886223,3687887.113749
396681.451194,3687898.548778
396659.499968,3687914.769991
396644.499968,3687936.799428
396639.499968,3687959.657292
396623.499968,3687981.029875
396609.104477,3688003.895495
396601.840155,3688030.500005
396577.499968,3688040.846109
396558.991779,3688062.008193
396555.499968,3688087.248129
396549.314109,3688114.685863
396528.586187,3688131.413785
396521.429333,3688142.570639
396517.850906,3688148.149066
396516.061692,3688150.938280
396514.272479,3688153.727493
396512.499968,3688155.500005
END
51
395441.499968,3686772.500005
395415.642103,3686780.500005
395388.127385,3686780.500005
395363.926374,3686794.500005
395335.583229,3686796.500005
395307.316201,3686800.683771
395285.052745,3686815.947227
395282.018257,3686842.018295
395294.499968,3686866.848201
395274.525833,3686884.474139
395258.499968,3686905.492862
395255.307856,3686914.008959
395252.499968,3686921.500005
END
52
395261.499968,3687999.500005
395265.985249,3687973.014723
395273.499968,3687946.127422
395277.662918,3687920.337054
395290.499968,3687900.583266
END
53
395614.499968,3688494.500005
395619.499968,3688468.227927
395619.059888,3688441.940084
END
54
395890.499968,3687442.558879
395879.558842,3687467.441130
395874.499968,3687494.517249
395868.123813,3687519.876159
395846.499968,3687537.990337
395853.499968,3687565.090842
395853.574607,3687592.574644
395868.499968,3687614.049211
395856.678683,3687637.500005
395832.499968,3687648.593367
395826.810105,3687661.236549
395823.965173,3687667.558139
395822.542708,3687670.718935
395821.120242,3687673.879730
395820.499968,3687675.500005
END
55
396006.499968,3688770.500005
396008.499968,3688742.156859
396002.470530,3688715.500005
395997.499968,3688688.955849
395998.499968,3688661.855344
396008.269520,3688636.730452
396013.073561,3688609.073598
396018.375076,3688584.500005
396021.499968,3688576.500005
END
56
396633.499968,3687617.500005
396617.499968,3687640.872588
396603.922803,3687664.077169
396590.499968,3687688.517249
396581.825869,3687713.825906
396592.499968,3687739.404550
396598.796432,3687766.796469
396603.011115,3687792.988857
396596.499968,3687817.806570
396588.335537,3687843.500005
396570.120242,3687864.879730
396547.563893,3687881.436079
396528.007543,3687900.992429
396511.744087,3687924.255885
396497.601952,3687948.398020
396480.752709,3687970.247263
396467.499968,3687994.757797
396466.499968,3688021.858302
396450.104477,3688041.895495
396427.255235,3688057.744737
396402.820206,3688067.179766
396376.627818,3688066.627855
END
57
396415.499968,3688434.500005
396428.499968,3688409.884781
396447.901988,3688390.500005
396448.029448,3688374.500512
396448.097947,3688365.902025
396455.499968,3688357.500005
END
58
396651.499968,3688366.500005
396637.772045,3688342.772083
396615.508589,3688327.508627
396587.997442,3688321.500005
396561.725364,3688314.500005
396534.210646,3688314.500005
396511.446144,3688298.446181
396495.499968,3688277.980235
396485.725364,3688269.240120
396475.950761,3688260.500005
396470.499968,3688257.500005
END
59
395429.499968,3688105.500005
395416.499968,3688080.884781
395394.499968,3688078.968042
END
60
395516.499968,3688539.500005
395532.056317,3688515.943655
395554.148200,3688496.851772
395572.532976,3688474.466996
395596.968005,3688461.031967
395619.059888,3688441.940084
END
61
396490.499968,3687447.500005
396477.772045,3687472.227927
396459.801483,3687494.198489
396442.245134,3687515.754839
396430.499968,3687540.889832
396428.499968,3687567.576123
396424.960862,3687593.039110
396415.499968,3687619.120279
396419.499968,3687646.634998
396422.499968,3687673.149716
396416.499968,3687700.664435
396397.998921,3687723.001051
396376.321252,3687741.678720
396350.803575,3687748.500005
396326.531497,3687759.500005
396299.016778,3687761.500005
396272.744700,3687762.500005
396247.066418,3687768.933554
396227.499968,3687773.958807
END
62
396371.499968,3687322.500005
396350.499968,3687342.044160
396338.094376,3687366.905596
396316.709600,3687386.290373
396294.423849,3687403.500005
396282.425328,3687426.574644
396278.283193,3687450.716779
396258.499968,3687470.179153
396250.499968,3687496.865445
396247.364975,3687522.365012
396260.850256,3687541.850293
396264.499968,3687569.510106
396249.643582,3687593.356390
396234.501447,3687616.498525
396225.309059,3687642.690913
396222.176158,3687669.176195
396232.782759,3687694.782797
396233.682254,3687719.682291
396232.046215,3687747.046253
396227.499968,3687773.958807
END
63
396788.499968,3689394.500005
396816.843113,3689396.500005
396842.520783,3689405.520820
396867.558842,3689417.500005
396895.487774,3689422.500005
396916.219268,3689439.219305
396939.240083,3689453.240120
396967.061367,3689458.500005
396994.260898,3689463.739074
397021.262377,3689468.500005
397046.291815,3689462.500005
397072.392320,3689462.500005
397099.735466,3689465.500005
397125.858878,3689458.141094
397132.499968,3689455.500005
END
64
397370.499968,3688431.500005
397347.227890,3688441.500005
397335.343113,3688449.020820
397329.400725,3688452.781228
397323.458337,3688456.541635
397310.499968,3688460.500005
END
65
395806.499968,3686963.500005
395784.357832,3686979.642140
395758.751230,3686988.248742
395742.499968,3686994.500005
END
66
396027.499968,3687942.500005
396044.470530,3687919.529442
396070.370025,3687909.629947
396064.169015,3687882.500005
396038.659347,3687871.659384
396012.759852,3687861.759889
395990.324823,3687846.324860
395977.960862,3687839.960899
395965.596901,3687833.596938
395957.770285,3687826.173029
395951.966079,3687820.667469
395946.161872,3687815.161909
END
67
396249.499968,3687263.500005
396228.943618,3687282.056354
396206.851735,3687301.148237
396190.588279,3687324.411693
396168.838063,3687341.500005
396145.889794,3687357.110178
396119.697406,3687366.302566
396093.505018,3687365.505055
396067.649246,3687355.500005
396039.948669,3687349.948706
396028.075883,3687347.159356
396012.499968,3687343.500005
END
68
396241.499968,3688912.500005
396263.934996,3688897.064976
396292.044123,3688898.500005
396320.801483,3688897.500005
396344.148200,3688884.851772
396360.583229,3688863.416743
396377.725364,3688842.274608
396390.499968,3688818.394449
396412.252276,3688801.747696
396424.273091,3688776.726881
396446.950761,3688759.049211
396457.144628,3688750.274608
396467.338496,3688741.500005
396473.818910,3688735.434029
396479.659439,3688729.967017
396482.579703,3688727.233511
396485.499968,3688724.500005
END
69
397103.499968,3687747.500005
397089.357832,3687771.642140
397079.499968,3687797.558879
397069.499968,3687823.416743
397073.499968,3687851.759889
397082.876122,3687877.876159
397097.018257,3687902.018295
397099.499968,3687929.333482
397095.499968,3687957.676628
397081.475581,3687979.524391
397070.499968,3688004.978143
397068.262377,3688030.737595
397049.534455,3688049.465517
397035.499968,3688072.480669
397029.614145,3688098.385827
397017.593330,3688123.406642
397003.451194,3688147.548778
396983.016165,3688164.016203
396957.786331,3688174.500005
396931.100039,3688170.500005
396904.731894,3688179.268078
396879.418186,3688190.581786
396858.276050,3688207.723922
END
70
395192.499968,3688344.500005
395192.499968,3688315.328432
395191.692356,3688288.307616
395190.236512,3688261.236549
395190.499968,3688232.784276
395187.044123,3688205.044160
395177.144628,3688179.144666
395170.073561,3688152.073598
395165.869435,3688147.430335
395163.184701,3688144.465170
395160.499968,3688141.500005
END
71
395567.499968,3687245.500005
395550.479152,3687265.520820
395534.458337,3687286.541635
395524.144628,3687310.855344
395505.881172,3687332.118800
395484.838063,3687349.500005
395466.465480,3687370.500005
395470.921324,3687389.500005
END
72
395636.499968,3688445.269557
395640.224463,3688434.605270
395642.862215,3688427.052637
395641.444664,3688423.555308
END
73
396579.499968,3689161.500005
396599.177637,3689140.822335
396621.245134,3689124.500005
396646.926374,3689114.073598
396662.482724,3689090.517249
396686.917752,3689077.082220
396706.534455,3689060.500005
396728.373597,3689043.626376
396754.858878,3689039.141094
396776.465480,3689024.534492
396792.723272,3689005.500005
396819.823777,3688998.500005
396844.749751,3688986.250221
396864.499968,3688969.703107
396871.499968,3688944.845242
396891.276663,3688927.723309
396896.499968,3688902.129514
396911.728323,3688883.500005
396930.682254,3688865.317718
396938.460429,3688840.539543
396955.652817,3688822.347155
396977.380739,3688808.619233
396992.017645,3688790.500005
397010.499968,3688780.538677
397034.079224,3688767.920748
397046.499968,3688746.237161
397034.121721,3688723.121758
397019.499968,3688699.764073
396999.130343,3688683.130380
396976.018870,3688666.500005
396966.499968,3688640.746829
396967.499968,3688632.500005
END
74
397490.499968,3688881.500005
397481.499968,3688855.227927
397468.579657,3688830.579694
397476.499968,3688804.754839
397469.499968,3688777.654334
397474.499968,3688751.139615
397475.499968,3688737.382256
397475.999968,3688730.503576
397476.499968,3688723.624896
397476.499968,3688721.500005
END
75
395464.499968,3687802.500005
395475.106569,3687776.893403
395478.763423,3687749.236549
395490.499968,3687724.097984
395493.499968,3687715.500005
END
76
397578.499968,3688498.500005
397572.136006,3688525.863966
397551.286764,3688543.713208
397558.409564,3688561.590408
END
77
396850.499968,3687995.321289
396827.898416,3688010.101556
396791.304008,3688004.695964
END
78
395635.499968,3687261.500005
395614.943618,3687280.056354
395598.801483,3687302.198489
395579.245134,3687321.754839
395556.499968,3687335.889832
395543.909130,3687359.500005
395523.940047,3687378.059925
395495.404513,3687377.595459
395470.921324,3687389.500005
END
79
395440.283193,3687377.716779
395413.921324,3687378.500005
395401.788550,3687385.422100
395389.655776,3687392.344196
395386.499968,3687398.500005
END
80
396807.499968,3688059.652241
396813.499968,3688033.551736
396773.436042,3688025.500005
END
81
396795.499968,3688084.681679
396797.499968,3688113.024824
396798.499968,3688140.125330
396798.499968,3688168.468475
396802.744087,3688193.255885
396803.499968,3688221.500005
END
82
396885.499968,3687784.500005
396875.499968,3687810.357869
396874.186259,3687839.813713
396871.499968,3687868.701015
396867.499968,3687896.215733
396862.751230,3687924.248742
396848.609095,3687948.390878
END
83
397355.499968,3687724.500005
397336.529405,3687745.470567
397321.680162,3687769.319810
397308.311151,3687792.500005
397290.499968,3687814.647191
397274.839542,3687838.160430
397264.940047,3687864.059925
397257.499968,3687889.563930
397248.383698,3687914.616274
397231.534455,3687936.465517
397216.392320,3687959.607652
397223.371504,3687983.628468
397223.499968,3688012.024824
397224.499968,3688022.500005
END
84
395644.656962,3687740.264119
395632.156822,3687738.500005
395617.571035,3687739.500005
395602.985249,3687740.500005
395589.020783,3687743.000005
395582.038550,3687744.250005
395575.056317,3687745.500005
395570.499968,3687745.500005
END
85
396843.695927,3688228.500005
396817.153250,3688236.846722
396796.011115,3688253.988857
396774.499968,3688255.500005
END
86
395337.796432,3687850.203540
395324.846685,3687829.153288
395332.499968,3687815.500005
395349.014686,3687802.500005
395348.499968,3687779.541635
395362.662918,3687760.337054
395372.780667,3687738.780705
395366.499968,3687712.796469
395358.224318,3687686.224355
395354.499968,3687660.838100
395362.039073,3687637.960899
395388.524354,3687639.524391
395413.499968,3687634.500005
END
87
395303.290335,3687846.709637
395293.499968,3687872.654334
395264.499968,3687862.619846
END
88
396011.499968,3688185.097984
396015.884744,3688211.115228
395999.278142,3688230.721830
395987.864913,3688234.036996
395972.499968,3688238.500005
END
89
396026.499968,3688162.482761
396035.499968,3688137.039110
396053.089325,3688114.910647
396077.110141,3688105.110178
396104.877601,3688106.500005
396120.499968,3688102.500005
END
90
396130.499968,3688288.524391
396140.382219,3688262.617754
396153.695927,3688239.304045
396167.716742,3688216.283230
396181.151771,3688191.848201
396188.222839,3688164.777133
396210.536547,3688152.463425
396230.499968,3688133.661476
396244.699498,3688111.300474
396251.499968,3688087.431029
396266.397983,3688063.601989
396272.601465,3688052.485824
396274.550716,3688048.992914
396276.499968,3688045.500005
END
91
396987.499968,3688507.056354
396976.579657,3688483.579694
396956.401554,3688469.598418
END
92
395373.914181,3687457.500005
395387.509099,3687457.959513
395403.499968,3687458.500005
395411.357676,3687460.002142
395419.572515,3687461.572552
END
93
395347.227890,3687449.500005
395321.700978,3687438.701015
395308.499968,3687431.500005
END
94
395619.059888,3688441.940084
395630.252276,3688432.747696
395635.848470,3688428.151502
395641.444664,3688423.555308
END
95
395972.499968,3688238.500005
395966.105090,3688232.105127
395953.155342,3688234.155380
395940.205595,3688236.205632
395913.811584,3688241.500005
395885.882652,3688240.500005
395873.499968,3688199.470567
END
96
395308.499968,3687431.500005
395286.115191,3687413.115228
395263.144628,3687396.144666
395241.499968,3687380.624896
395228.633481,3687376.562450
395215.766995,3687372.500005
END
97
395742.499968,3686994.500005
395718.713171,3686981.500005
395700.801483,3686960.801520
395678.482724,3686948.500005
395653.123813,3686944.123850
395628.524354,3686932.500005
395604.789289,3686918.789326
395578.980198,3686915.500005
395551.465480,3686911.500005
395528.454766,3686897.454803
395502.578178,3686887.500005
395477.241562,3686882.241599
395450.034022,3686885.500005
395426.004585,3686872.500005
395400.250184,3686874.749788
395375.288856,3686871.500005
395348.865408,3686880.134564
395324.380126,3686884.619846
395300.945098,3686895.054874
395278.499968,3686909.314146
395267.371071,3686915.407075
395256.242175,3686921.500005
395252.499968,3686921.500005
END
98
396455.499968,3688357.500005
396455.499968,3688328.328432
396464.813676,3688302.186296
396466.156822,3688287.742645
396467.499968,3688273.298994
396469.007550,3688265.359565
396470.499968,3688257.500005
END
99
395394.499968,3688078.968042
395393.176784,3688066.411896
395391.499968,3688050.500005
395376.499968,3688027.884781
395375.499968,3688018.500005
END
100
395290.499968,3687285.500005
395268.236512,3687268.236549
395245.265949,3687251.265986
395220.968005,3687237.500005
395216.499968,3687225.500005
395203.696667,3687221.196704
395190.893366,3687216.893403
395183.499968,3687218.500005
END
101
396848.609095,3687948.390878
396828.759852,3687967.240120
396809.860357,3687984.139615
396791.304008,3688004.695964
END
102
395641.444664,3688423.555308
395642.858878,3688422.141094
395645.499968,3688419.500005
395653.278142,3688407.721830
395661.056317,3688395.943655
395679.026879,3688373.973093
395700.583229,3688356.416743
395724.647154,3688343.500005
395749.917752,3688332.082220
395775.120242,3688322.500005
395799.373597,3688308.626376
395823.499968,3688294.477710
395839.723272,3688272.500005
395861.335537,3688253.664435
395851.499968,3688214.500005
395873.499968,3688199.470567
END
103
395470.921324,3687389.500005
395447.362883,3687403.637090
395440.611997,3687409.338309
395434.499968,3687414.500005
END
104
396021.499968,3688576.500005
396030.617234,3688563.351793
396036.650725,3688554.650762
396044.217482,3688543.433248
396051.784239,3688532.215733
396064.345639,3688508.500005
396077.532976,3688485.466996
396106.499968,3688474.512198
END
105
396012.499968,3687343.500005
395996.882917,3687346.979619
395985.571035,3687349.500005
395960.470530,3687358.500005
395935.993871,3687369.006101
395923.483463,3687375.016509
395910.973056,3687381.026917
395902.322823,3687386.322848
395895.499968,3687390.500005
END
106
396791.304008,3688004.695964
396773.436042,3688025.500005
END
107
395160.499968,3688141.500005
395158.739536,3688125.597147
395157.499968,3688114.399500
395155.499968,3688085.227927
395155.763423,3688059.236549
395159.499968,3688033.612703
395163.198452,3688006.801520
395179.499968,3687984.139615
395200.018257,3687964.981715
395214.867500,3687941.132472
395237.302529,3687925.697443
395257.909130,3687914.090842
395269.499968,3687888.891924
END
108
397132.499968,3689455.500005
397145.233419,3689445.811908
397153.529405,3689439.500005
397170.499968,3689420.855344
397189.759852,3689402.500005
397198.997442,3689379.002530
397215.553791,3689356.446181
397228.281713,3689331.718259
397243.499968,3689308.021866
397253.273091,3689283.726881
397270.499968,3689260.862486
397275.499968,3689232.933554
397259.833012,3689214.500005
397263.853215,3689190.500005
397283.184780,3689171.815192
397307.326915,3689157.673057
397324.499968,3689139.129514
397317.166923,3689112.166960
397306.499968,3689087.999571
397305.460429,3689062.539543
397306.499968,3689034.626988
397297.016778,3689008.983194
397301.499968,3688980.840192
397303.499968,3688954.153900
397307.118150,3688928.500005
397320.422370,3688906.577602
397331.736078,3688881.263894
397346.034889,3688857.500005
397358.070602,3688833.929370
397371.499968,3688811.249355
397384.698019,3688787.301953
397391.499968,3688761.776267
397385.499968,3688735.089975
397394.810717,3688711.189255
397383.461296,3688688.461333
397370.499968,3688663.830090
397367.499968,3688640.500005
END
109
397310.499968,3688460.500005
397282.985249,3688462.500005
397255.056317,3688459.500005
397229.872551,3688471.127422
397215.280145,3688464.565281
397206.240083,3688460.500005
397199.499968,3688458.500005
END
110
397558.409564,3688561.590408
397545.606263,3688566.893709
397533.754802,3688562.500005
397528.697271,3688568.418225
397523.499968,3688574.500005
397512.071035,3688579.000005
397500.642103,3688583.500005
397472.357832,3688579.357869
397446.855307,3688588.500005
397424.997442,3688602.500005
397398.952240,3688612.047732
397374.931425,3688625.068547
397364.499968,3688631.500005
END
111
396974.499968,3689026.500005
397000.106569,3689019.106606
397021.420278,3689006.579694
397038.499968,3689004.500005
END
112
397224.499968,3688022.500005
397219.829153,3688028.994886
397215.158338,3688035.489768
397209.499968,3688043.357869
397195.499968,3688066.387306
397202.499968,3688092.316238
397194.499968,3688118.416743
397186.499968,3688143.446181
397183.499968,3688170.546686
397180.981678,3688197.018295
397177.499968,3688225.576123
397165.499968,3688250.605560
397161.499968,3688277.291852
397173.212125,3688300.787847
397164.499968,3688325.522299
397165.499968,3688351.794377
397167.499968,3688380.137523
397163.978106,3688407.021866
397153.499968,3688422.500005
END
113
396773.436042,3688025.500005
396755.235032,3688045.500005
396727.720314,3688051.500005
396700.619809,3688058.500005
396673.806533,3688066.193439
396652.075653,3688078.500005
396627.764903,3688092.235069
396605.915660,3688107.084312
396591.499968,3688131.113136
396581.499968,3688156.385214
396579.503539,3688162.913912
396577.507110,3688169.442609
396573.514253,3688182.500005
396567.192751,3688180.695702
396563.346359,3688179.597853
END
114
397476.499968,3688721.500005
397471.551242,3688715.214297
397466.602517,3688708.928590
397460.642103,3688701.357869
397460.337017,3688676.337054
397441.901988,3688656.902025
397417.210646,3688647.500005
397388.174066,3688649.825906
397367.499968,3688640.500005
END
115
395570.499968,3687745.500005
395565.766265,3687739.050814
395561.032562,3687732.601623
395553.943618,3687722.943655
395526.198452,3687717.500005
395498.922803,3687718.922840
395493.499968,3687715.500005
END
116
396286.499968,3688302.500005
396298.040802,3688291.418076
396306.286764,3688283.500005
396324.905559,3688263.094413
396329.499968,3688236.654334
396344.947190,3688213.052782
396352.371811,3688201.128161
396356.084121,3688195.165851
396359.796432,3688189.203540
396362.499968,3688186.500005
END
117
396106.499968,3688474.512198
396111.798957,3688461.707111
396106.039073,3688447.960899
396109.499968,3688425.500005
396106.357832,3688414.500005
396119.499968,3688391.198489
396122.077132,3688363.922840
396117.730415,3688337.730452
396093.499968,3688314.058446
END
118
396470.499968,3688257.500005
396455.008405,3688253.498569
396443.399462,3688250.500005
396421.115191,3688236.115228
396400.583229,3688217.500005
396379.499968,3688201.553828
396373.994610,3688196.678730
396368.489253,3688191.803631
396365.494610,3688189.151818
396362.499968,3688186.500005
END
119
395820.499968,3687675.500005
395818.511013,3687675.290095
395816.522059,3687675.080186
395812.544151,3687674.660367
395804.588335,3687673.820730
395792.550220,3687672.550257
395771.993871,3687653.993908
395746.926374,3687643.500005
395720.316201,3687645.316238
395692.311151,3687640.500005
395679.589325,3687635.000005
395666.867500,3687629.500005
395663.499968,3687629.500005
END
120
397038.499968,3689004.500005
397059.529405,3688988.500005
397081.499968,3688978.026917
397085.269520,3688953.730452
397111.169015,3688943.830957
397131.725364,3688925.274608
397132.796432,3688898.203540
397150.474102,3688875.525871
397149.747659,3688849.747696
397146.515732,3688827.484240
397157.122334,3688801.877638
397172.499968,3688779.418836
397161.499968,3688754.803612
397170.499968,3688729.359961
397155.499968,3688718.441130
END
121
396858.276050,3688207.723922
396840.499968,3688197.568114
396823.499968,3688203.118187
396803.499968,3688221.500005
END
122
395375.499968,3688018.500005
395366.832738,3688010.260502
395355.236512,3687999.236549
395342.508589,3687974.508627
395332.499968,3687952.654334
395324.499968,3687926.796469
395323.499968,3687898.867537
395290.499968,3687900.583266
END
123
396485.499968,3688724.500005
396486.685838,3688716.588386
396487.871708,3688708.676767
396489.499968,3688697.813713
396501.298957,3688672.701015
396515.499968,3688649.169052
396505.499968,3688624.725401
396528.889794,3688610.500005
396554.747659,3688600.500005
396581.019737,3688591.500005
396608.524354,3688595.475618
396631.499968,3688581.436079
396650.394412,3688561.605560
396677.344159,3688555.655813
396700.364975,3688561.365012
396725.092897,3688574.092934
396753.681642,3688577.500005
396779.367933,3688568.500005
396803.568943,3688554.500005
396831.497875,3688549.500005
396857.690876,3688558.690913
396881.125905,3688547.874067
396905.586187,3688534.500005
396925.499968,3688536.423886
END
124
395493.499968,3687715.500005
395479.541778,3687707.678946
395470.298957,3687702.500005
395443.579657,3687700.579694
395431.558842,3687675.558879
395418.123813,3687651.123850
395413.499968,3687634.500005
END
125
395895.499968,3687390.500005
395869.307579,3687399.692393
395841.064939,3687403.935033
395817.751230,3687415.248742
395803.499968,3687438.759889
395784.499968,3687459.718259
395776.567464,3687484.432508
395751.980198,3687495.500005
395746.404513,3687519.595459
395735.499968,3687544.250221
395718.948669,3687565.051303
395705.499968,3687587.137523
395689.499968,3687608.166960
395675.017749,3687614.968823
395665.499968,3687619.439038
395664.279860,3687625.576770
395663.499968,3687629.500005
END
126
396803.499968,3688221.500005
396781.357832,3688237.642140
396758.499968,3688244.500005
END
127
396227.499968,3687773.958807
396222.499968,3687788.500005
396202.822298,3687809.177674
396180.340588,3687824.500005
396154.482724,3687828.500005
396133.695927,3687846.500005
396109.666490,3687837.500005
396097.499968,3687855.500005
END
128
397153.499968,3688422.500005
397151.499968,3688432.500005
END
129
395873.499968,3688199.470567
395884.834491,3688174.165481
395899.499968,3688152.583266
395906.499968,3688125.482761
395896.002493,3688101.002530
395877.595422,3688081.500005
395853.394412,3688077.500005
395837.697406,3688055.697443
395842.252276,3688027.747696
395836.499968,3688000.335574
395828.477673,3687974.500005
395812.342067,3687952.342104
395800.590371,3687929.500005
395778.714650,3687914.285322
395757.499968,3687900.774175
395744.499968,3687876.158951
395732.499968,3687851.129514
395710.681642,3687833.681679
395712.075040,3687808.075077
395699.347118,3687785.347155
395684.274571,3687784.274608
END
130
395290.499968,3687900.583266
395269.499968,3687888.891924
END
131
395252.499968,3686921.500005
395247.658562,3686927.868740
395242.817157,3686934.237476
395236.650725,3686942.349247
395217.265949,3686963.734023
395211.609095,3686991.390878
395214.499968,3687016.446181
395211.931425,3687042.068547
395188.499968,3687054.161909
395194.499968,3687081.676628
395179.499968,3687104.877638
395171.454766,3687129.545207
395163.499968,3687154.007581
395149.134527,3687173.500005
395132.220747,3687193.779225
END
132
397155.499968,3688718.441130
397168.499968,3688703.502097
397180.499968,3688678.470567
397181.499968,3688649.713208
397181.370025,3688624.629947
397178.499968,3688596.754839
397176.499968,3688570.654334
397170.499968,3688543.139615
397170.499968,3688514.796469
397195.499968,3688504.436079
END
133
396967.499968,3688632.500005
396978.399462,3688607.600510
396980.499968,3688579.298994
396969.499968,3688553.855344
396966.677637,3688541.000005
396963.855307,3688528.144666
396959.352151,3688524.092875
396952.978837,3688527.296440
396946.605523,3688530.500005
396926.117283,3688515.882689
END
134
396093.499968,3688314.058446
396094.499968,3688286.129514
396089.711692,3688258.288280
396106.560934,3688236.439038
396117.499968,3688213.212775
396113.499968,3688187.354910
396096.499968,3688166.153900
396103.815768,3688139.184204
396117.957904,3688115.042068
396120.499968,3688102.500005
END
135
395413.499968,3687634.500005
395415.014686,3687608.014723
395400.165444,3687584.165481
395374.997442,3687574.500005
395349.830920,3687564.830957
395327.981678,3687547.981715
395311.718222,3687524.718259
395300.041598,3687518.109132
395288.364975,3687511.500005
395276.499968,3687511.500005
END
136
396925.499968,3688536.423886
396926.117283,3688515.882689
END
137
397195.499968,3688504.436079
397205.860357,3688489.860394
END
138
396120.499968,3688102.500005
396134.642103,3688078.357869
396140.370025,3688054.629947
396158.805054,3688035.194918
396183.546649,3688028.500005
396181.423849,3688007.500005
396166.499968,3687984.808662
396164.499968,3687964.500005
END
139
396362.499968,3688186.500005
396360.295695,3688183.162164
396358.091422,3688179.824323
396353.682877,3688173.148641
396346.943618,3688162.943655
396328.558842,3688140.558879
396305.881172,3688122.881210
396294.499968,3688097.595459
396291.960862,3688071.960899
396285.230415,3688060.041635
396281.865191,3688054.082003
396278.499968,3688048.122371
396276.499968,3688045.500005
END
140
395684.274571,3687784.274608
395685.840155,3687762.500005
395676.779928,3687753.109871
395667.719701,3687743.719738
END
141
395269.499968,3687888.891924
395264.499968,3687862.619846
END
142
395667.719701,3687743.719738
395679.232940,3687731.232977
END
143
395264.499968,3687862.619846
395255.607615,3687836.392357
395265.214217,3687811.785755
395254.460429,3687788.500005
395254.499968,3687763.188388
395258.499968,3687736.502097
395254.137486,3687709.137523
395249.004585,3687684.995387
395266.499968,3687665.171144
395267.499968,3687637.242212
395284.499968,3687617.212775
395291.499968,3687590.940697
395304.623380,3687566.376592
395300.598381,3687539.598418
395291.549174,3687528.932508
395282.499968,3687518.266599
395276.499968,3687511.500005
END
144
395679.232940,3687731.232977
395667.491346,3687723.366491
395655.749751,3687715.500005
395632.120242,3687700.120279
395608.856786,3687683.856823
395585.007543,3687669.007581
395562.259419,3687651.500005
395540.237991,3687632.238028
395518.146108,3687613.146145
395496.347118,3687593.347155
395474.255235,3687574.255272
395474.969484,3687540.969521
END
145
397367.499968,3688640.500005
397364.499968,3688631.500005
END
146
395663.499968,3687629.500005
395659.562567,3687630.204901
395655.625167,3687630.909797
395647.750366,3687632.319590
395643.445836,3687633.090212
395639.508436,3687633.795108
395635.571035,3687634.500005
395634.401689,3687634.119242
395632.499968,3687633.500005
END
147
396276.499968,3688045.500005
396273.973975,3688042.398495
396271.447982,3688039.296986
396266.395996,3688033.093967
396258.943618,3688023.943655
396259.499968,3688006.500005
END
148
397364.499968,3688631.500005
397349.013590,3688635.521459
397340.186259,3688637.813713
397321.499968,3688629.370062
397315.044123,3688602.044160
397310.051999,3688595.335841
397305.275983,3688588.917923
397302.887975,3688585.708964
397300.499968,3688582.500005
END
149
396926.117283,3688515.882689
396935.308625,3688505.275654
396944.499968,3688494.668619
396956.401554,3688469.598418
END
150
396956.401554,3688469.598418
396960.835786,3688457.043355
396963.499968,3688449.500005
396953.499968,3688424.470567
396953.499968,3688411.127422
396953.499968,3688404.455849
396953.499968,3688397.784276
396954.499968,3688394.500005
END
151
396954.499968,3688394.500005
396948.499968,3688382.500005
END
152
395276.499968,3687511.500005
395258.529405,3687493.529442
395251.955812,3687468.044160
395237.240083,3687446.500005
395243.118763,3687427.881210
395231.567464,3687403.567501
395215.222839,3687380.500005
395215.766995,3687372.500005
END
153
397300.499968,3688582.500005
397292.881409,3688580.059192
397285.262851,3688577.618379
397274.014686,3688574.014723
397251.629910,3688555.629947
397237.499968,3688531.482761
397226.499968,3688506.039110
397216.180162,3688497.949752
397205.860357,3688489.860394
END
154
395215.766995,3687372.500005
395201.467892,3687371.215675
395193.499968,3687370.500005
395172.499968,3687352.127422
395156.387269,3687329.387306
395138.123813,3687308.123850
395105.499968,3687308.919269
395088.182688,3687312.182725
395068.333445,3687293.333482
395057.726844,3687267.726881
395044.499968,3687243.205632
395025.907038,3687222.907075
395003.117283,3687205.500005
394978.208554,3687193.208591
394955.129477,3687176.500005
394933.499968,3687156.999571
394911.296865,3687140.296902
394888.254368,3687123.500005
394867.648633,3687103.648670
394856.907345,3687094.074337
394853.782453,3687081.746956
END
155
397205.860357,3688489.860394
397203.180162,3688476.384781
397201.840065,3688469.646974
397200.499968,3688462.909168
397199.499968,3688458.500005
END
156
397199.499968,3688458.500005
397188.192356,3688451.000005
397176.884744,3688443.500005
397164.192356,3688438.000005
397151.499968,3688432.500005
END
157
397151.499968,3688432.500005
397137.499968,3688439.500005
END
158
397137.499968,3688439.500005
397109.985249,3688437.500005
397085.541598,3688425.500005
397069.499968,3688405.097984
397049.366454,3688386.366491
397029.281713,3688369.500005
397000.938568,3688373.500005
396972.567464,3688377.432508
396964.156678,3688379.203429
396948.499968,3688382.500005
END
159
396948.499968,3688382.500005
396934.964434,3688378.964471
396921.428900,3688375.428937
396895.822298,3688364.822335
396869.269520,3688356.500005
396861.499968,3688332.997479
396859.499968,3688303.825906
396847.002493,3688279.002530
396820.938568,3688269.500005
396806.974102,3688267.000005
396793.009636,3688264.500005
396774.499968,3688255.500005
END
160
396774.499968,3688255.500005
396758.499968,3688244.500005
END
161
396758.499968,3688244.500005
396734.298957,3688230.500005
396709.458337,3688233.541635
396685.437522,3688230.562450
396657.068510,3688228.500005
396629.553791,3688222.500005
396604.499968,3688212.867537
396581.252276,3688198.500005
396570.376122,3688189.982761
396564.938045,3688185.724139
396563.346359,3688179.597853
END
162
396563.346359,3688179.597853
396559.499968,3688178.500005
396552.575179,3688174.494096
396545.650391,3688170.488187
396535.298957,3688164.500005
396527.382362,3688161.374894
396519.941165,3688158.437449
396516.220566,3688156.968727
396512.499968,3688155.500005
END
163
396512.499968,3688155.500005
396508.668430,3688154.351389
396504.836892,3688153.202773
396497.173817,3688150.905541
396485.813676,3688147.500005
396460.993871,3688138.993908
396434.801483,3688129.801520
396406.169015,3688126.500005
396394.754802,3688103.245171
396375.110141,3688089.500005
396376.627818,3688066.627855
END
164
396376.627818,3688066.627855
396362.482724,3688066.563930
396348.337629,3688066.500005
396344.078976,3688065.060986
396336.499968,3688062.500005
END
165
396336.499968,3688062.500005
396328.999968,3688050.606606
396321.499968,3688038.713208
396299.340588,3688021.500005
396273.068510,3688014.500005
396259.499968,3688006.500005
END
166
396259.499968,3688006.500005
396236.822298,3687988.822335
396210.683734,3687981.500005
396183.997442,3687973.500005
396164.499968,3687964.500005
END
167
396164.499968,3687964.500005
396139.884744,3687951.500005
396127.499968,3687928.612703
396117.499968,3687902.754839
396114.499968,3687889.500005
END
168
396114.499968,3687889.500005
396102.893366,3687864.893403
396097.499968,3687855.500005
END
169
396097.499968,3687855.500005
396074.884744,3687842.500005
396049.165444,3687832.165481
396023.973056,3687821.973093
395997.068510,3687814.500005
395982.689830,3687813.000005
395968.311151,3687811.500005
395955.490339,3687811.944999
395951.492746,3687812.083750
395947.495153,3687812.222502
395946.161872,3687815.161909
END
170
395946.161872,3687815.161909
395944.304644,3687814.419815
395942.447417,3687813.677720
395941.357195,3687813.242099
395939.499968,3687812.500005
395932.541684,3687808.552564
395925.583401,3687804.605122
395915.499968,3687798.884781
395900.215696,3687775.215733
395887.194881,3687751.194918
395870.052745,3687730.052782
395845.324823,3687739.675149
395819.132435,3687736.132472
395799.499968,3687714.850293
395775.605523,3687708.394449
395750.205595,3687701.500005
395722.690876,3687703.500005
395698.028359,3687694.028396
395681.472010,3687671.472047
395669.572821,3687663.986026
395657.673632,3687656.500005
395646.309365,3687647.722570
395640.627231,3687643.333852
395634.945098,3687638.945135
395633.319254,3687635.324496
395632.499968,3687633.500005
END
171
395632.499968,3687633.500005
395629.826870,3687631.076908
395627.153773,3687628.653811
395621.807579,3687623.807616
395611.115191,3687614.115228
395588.499968,3687597.583266
395575.830920,3687572.830957
395570.499968,3687546.695964
395552.667969,3687526.332003
395529.990300,3687544.009673
395501.850256,3687548.500005
395474.969484,3687540.969521
END
172
395474.969484,3687540.969521
395454.877601,3687519.877638
END
173
395454.877601,3687519.877638
395438.321252,3687497.321289
395417.229369,3687477.229406
395419.572515,3687461.572552
END
174
395419.572515,3687461.572552
395432.229369,3687458.843150
395444.886223,3687456.113749
END
175
395444.886223,3687456.113749
395461.240083,3687432.500005
END
176
395461.240083,3687432.500005
395450.060628,3687424.690607
395438.881172,3687416.881210
395434.499968,3687414.500005
END
177
395434.499968,3687414.500005
395419.173817,3687409.905541
395407.813676,3687406.500005
395393.989750,3687401.311259
395386.499968,3687398.500005
END
178
395386.499968,3687398.500005
395378.836892,3687396.202773
395371.173817,3687393.905541
395359.813676,3687390.500005
395339.337017,3687370.337054
395314.240083,3687358.500005
395289.002493,3687361.002530
395275.395891,3687338.395928
395262.499968,3687313.737595
395252.061367,3687288.061404
395231.092897,3687270.500005
395210.655776,3687251.655813
395194.499968,3687234.500005
395188.032198,3687225.092340
395183.499968,3687218.500005
END
179
395183.499968,3687218.500005
395181.499968,3687215.500005
END
180
395181.499968,3687215.500005
395166.577034,3687209.728865
395155.642103,3687205.500005
395132.220747,3687193.779225
END
181
395132.220747,3687193.779225
395113.499968,3687205.500005
395095.713171,3687184.500005
395083.610880,3687177.504316
395071.508589,3687170.508627
395066.499968,3687164.500005
END
182
395066.499968,3687164.500005
395054.914961,3687153.464262
395045.408084,3687144.408122
395035.508589,3687133.508627
395025.609095,3687122.609132
395000.210646,3687113.500005
394971.174066,3687111.174103
394955.617717,3687087.617754
394926.494917,3687089.500005
394912.530451,3687090.000005
394898.565985,3687090.500005
394893.499968,3687087.500005
END
183
394893.499968,3687087.500005
394885.505091,3687087.786262
394877.510214,3687088.072520
394865.571035,3687088.500005
394853.782453,3687081.746956
END
184
394853.782453,3687081.746956
394847.888162,3687078.370432
394841.780706,3687079.509480
394839.140337,3687076.504742
394837.820152,3687075.002374
394836.499968,3687073.500005
394830.817987,3687069.818024
394825.136006,3687066.136044
394813.772045,3687058.772083
394791.973056,3687038.973093
394771.881172,3687017.881210
394756.499968,3686996.009673
394736.051266,3686976.500005
394724.692356,3686968.416743
394713.333445,3686960.333482
394701.408824,3686952.908861
394689.484203,3686945.484240
394666.634960,3686929.634998
394641.028359,3686921.028396
394617.764903,3686904.764940
394596.673020,3686884.673057
394572.823777,3686869.823814
394551.413748,3686850.500005
394541.456858,3686839.891924
394531.499968,3686829.283843
394510.790769,3686810.790806
394485.053358,3686800.500005
394473.781280,3686791.500005
394462.509202,3686782.500005
394440.414614,3686763.414651
394423.393799,3686743.393836
394405.999968,3686729.000005
394342.623660,3686732.638062
END
END
