ID	X	Y	CArea
1886	395403.000401	3687529.000438	1201.476382
1887	395376.935609	3687519.500005	1166.622028
1888	395529.499968	3687400.500005	1144.303403
1889	395668.499968	3687761.394449	367.255241
1890	396800.499968	3688601.500005	1991.696531
1891	397188.406299	3688492.374373	322.060135
1892	394901.499968	3687065.500005	1012.390045
1893	395157.499968	3687003.500005	3465.144493
1894	395483.499968	3687257.500005	7113.398292
1895	395333.499968	3687268.500005	3419.064451
1896	395963.499968	3687298.500005	4583.825695
1897	396348.446144	3688081.446181	1554.260591
1898	397030.499968	3688214.500005	6073.573182
1899	396818.499968	3689147.500005	8930.577829
1900	396988.499968	3688424.500005	1790.772390
1901	397124.499968	3688761.500005	4289.865316
1902	397181.499968	3688422.500005	2973.857893
1903	397548.499968	3687812.500005	4687.266895
1904	395417.499968	3688299.500005	16815.639476
1905	395601.499968	3688092.500005	16629.353903
1906	395928.499968	3687406.500005	4930.271755
1907	395948.499968	3688275.500005	9719.979091
1908	396081.499968	3688552.500005	9544.911827
1909	397002.499968	3689116.500005	13059.270605
1910	397782.499968	3688263.500005	12736.481436
1911	395124.499968	3688250.500005	11584.453892
1912	395240.499968	3687140.500005	21624.167793
1913	395300.499968	3688409.500005	22829.150218
1914	395844.499968	3687820.500005	13215.402734
1915	395709.499968	3687965.500005	13156.651351
1916	395892.499968	3688662.500005	18622.485535
1917	396079.499968	3687245.500005	23624.431626
1918	396284.499968	3688328.500005	8366.264978
1919	396958.499968	3687836.500005	13131.167670
1920	397402.499968	3688171.500005	23552.608757
1921	395745.499968	3687386.500005	23683.558432
1922	395858.499968	3687039.500005	21297.930965
1923	395785.499968	3688595.500005	22950.577580
1924	396244.499968	3687922.500005	17818.083007
1925	396203.499968	3688762.500005	26992.425827
1926	396481.499968	3689007.500005	20198.540485
1927	396649.499968	3688861.500005	18468.630033
1928	396889.499968	3689228.500005	26226.593789
1929	397122.499968	3689521.500005	19485.604154
1930	397288.499968	3688642.500005	14484.721101
1931	397347.499968	3687989.500005	24775.026067
1932	397635.499968	3688827.500005	16526.360953
1933	396029.499968	3687712.500005	29397.911559
1934	396484.499968	3688401.500005	17376.539482
1935	396851.499968	3687494.500005	23611.816337
1936	395441.499968	3686772.500005	24590.465640
1937	395261.499968	3687999.500005	16401.878391
1938	395614.499968	3688494.500005	33218.339513
1939	395890.499968	3687442.558879	2500.984710
1940	396006.499968	3688770.500005	27494.141879
1941	396633.499968	3687617.500005	34927.664371
1942	396415.499968	3688434.500005	27017.247692
1943	396651.499968	3688366.500005	28134.443902
1944	395429.499968	3688105.500005	33220.383313
1945	395516.499968	3688539.500005	36395.008903
1946	396490.499968	3687447.500005	38179.428428
1947	396371.499968	3687322.500005	28177.094270
1948	396788.499968	3689394.500005	27597.685114
1949	397370.499968	3688431.500005	20083.098375
1950	395806.499968	3686963.500005	33188.887368
1951	396027.499968	3687942.500005	27848.398910
1952	396249.499968	3687263.500005	42889.174678
1953	396241.499968	3688912.500005	36070.907023
1954	397103.499968	3687747.500005	27749.489493
1955	395192.499968	3688344.500005	49396.969602
1956	395567.499968	3687245.500005	47262.353709
1957	395636.499968	3688445.269557	3386.568496
1958	396579.499968	3689161.500005	42233.245310
1959	397490.499968	3688881.500005	47775.931312
1960	395464.499968	3687802.500005	39888.933619
1961	397578.499968	3688498.500005	33850.288677
1962	396850.499968	3687995.321289	1074.036013
1963	395635.499968	3687261.500005	37274.499630
1964	395440.283193	3687377.716779	681.190490
1965	396807.499968	3688059.652241	1397.928523
1966	396795.499968	3688084.681679	1313.026749
1967	396885.499968	3687784.500005	21772.094065
1968	397355.499968	3687724.500005	69657.675474
1969	395644.656962	3687740.264119	453.417252
1970	396843.695927	3688228.500005	984.396301
1971	395337.796432	3687850.203540	4359.649451
1972	395303.290335	3687846.709637	1073.524012
1973	396011.499968	3688185.097984	4045.404511
1974	396026.499968	3688162.482761	1114.718068
1975	396130.499968	3688288.524391	3726.425415
1976	396987.499968	3688507.056354	8430.645654
1977	395373.914181	3687457.500005	1395.171762
1978	395347.227890	3687449.500005	2037.653543
1979	395131.600473	3687013.399500	4689.868549
1980	395428.899896	3687538.899933	2380.350887
1981	395351.077745	3687509.500005	2523.317821
1982	397004.227890	3688221.500005	7228.061969
1983	396817.153250	3688236.846722	1703.478923
1984	397136.813676	3688737.186296	5550.397841
1985	397181.312630	3688480.312667	562.869106
1986	396340.766847	3688069.267112	1690.825620
1987	395505.470530	3687411.500005	2067.280173
1988	395829.964434	3687035.964471	25295.231861
1989	397274.943618	3688618.943655	16313.293519
1990	395663.619137	3687749.866875	483.328502
1991	396285.272824	3688318.452876	8974.302032
1992	395458.186259	3687268.813713	8420.219272
1993	395307.227890	3687277.500005	4099.879483
1994	394896.233912	3687079.981657	1216.539585
1995	396976.575346	3688417.075383	2067.044919
1996	397169.499968	3688422.500005	3194.188001
1997	395417.499968	3688270.328432	18289.636664
1998	396032.499968	3687741.257364	44708.217140
1999	395964.499968	3688256.470567	10244.357610
2000	396825.600473	3688610.500005	11118.346228
2001	396834.763423	3689124.236549	12833.487122
2002	397562.499968	3687836.701015	7556.931054
2003	397788.499968	3688290.186296	14082.185597
2004	395917.793683	3687411.285071	5225.988026
2005	395816.985249	3687814.500005	23193.344893
2006	395612.499968	3688067.056354	25601.490978
2007	395915.813676	3688649.186296	20178.489966
2008	396059.064939	3687262.935033	24701.516530
2009	396945.064939	3687860.935033	14368.799113
2010	397008.156822	3689088.843150	16646.471673
2011	397391.186259	3688196.813713	25152.994665
2012	395134.399462	3688224.600510	12995.364805
2013	395233.692356	3687164.692393	26706.382321
2014	395314.499968	3688385.298994	30820.516171
2015	395937.642103	3687308.500005	25496.758010
2016	396089.399462	3688526.600510	11745.360240
2017	397134.499968	3689496.470567	20846.738891
2018	397323.943618	3688005.056354	26393.612643
2019	395719.227890	3687393.500005	27119.928143
2020	395709.499968	3687937.985286	17696.367323
2021	395809.943618	3688583.500005	28859.453992
2022	396210.499968	3688735.399500	32736.358287
2023	396481.499968	3688979.985286	23499.200721
2024	396672.642103	3688846.357869	21274.004723
2025	395415.642103	3686780.500005	25784.426381
2026	395619.499968	3688468.227927	34088.106604
2027	395879.558842	3687467.441130	3668.400780
2028	396008.499968	3688742.156859	28818.041161
2029	396637.772045	3688342.772083	29230.498875
2030	396834.499968	3687513.701015	28814.857025
2031	396897.499968	3689201.813713	38887.823808
2032	396477.999968	3688389.485286	18450.000317
2033	395265.985249	3687973.014723	19167.470107
2034	395416.499968	3688080.884781	34024.272776
2035	396477.772045	3687472.227927	39771.383792
2036	396617.499968	3687640.872588	38473.817727
2037	396816.843113	3689396.500005	28814.845427
2038	397347.227890	3688441.500005	20613.976284
2039	397640.499968	3688801.813713	25012.589633
2040	395532.056317	3688515.943655	41052.678800
2041	395784.357832	3686979.642140	34225.571181
2042	396044.470530	3687919.529442	29083.660319
2043	396228.943618	3687282.056354	44042.421493
2044	396220.470530	3687925.500005	26261.662416
2045	396350.499968	3687342.044160	33876.198044
2046	396263.934996	3688897.064976	37309.404469
2047	395192.499968	3688315.328432	50507.785067
2048	395550.479152	3687265.520820	48201.501310
2049	396599.177637	3689140.822335	43371.362130
2050	397481.499968	3688855.227927	48926.824819
2051	395640.224463	3688434.605270	3506.639921
2052	395475.106569	3687776.893403	42797.006626
2053	396428.499968	3688409.884781	41497.632234
2054	397572.136006	3688525.863966	34687.582690
2055	396827.898416	3688010.101556	1945.909703
2056	395614.943618	3687280.056354	38326.895881
2057	396813.499968	3688033.551736	4000.997577
2058	395413.921324	3687378.500005	1167.495399
2059	396797.499968	3688113.024824	2292.092412
2060	397089.357832	3687771.642140	42437.488343
2061	396875.499968	3687810.357869	24945.892260
2062	397336.529405	3687745.470567	70789.038967
2063	395632.156822	3687738.500005	6838.041692
2064	395293.499968	3687872.654334	2702.990711
2065	395324.846685	3687829.153288	4923.652310
2066	396015.884744	3688211.115228	5322.250770
2067	396035.499968	3688137.039110	2164.755570
2068	396140.382219	3688262.617754	5025.786932
2069	396976.579657	3688483.579694	9523.178272
2070	395387.509099	3687457.959513	2190.776097
2071	395321.700978	3687438.701015	3589.838426
2072	395326.887702	3687496.887740	3440.024029
2073	395803.056317	3687032.500005	26474.636490
2074	396796.011115	3688253.988857	2088.168050
2075	395401.788550	3687385.422100	1480.075558
2076	397170.380433	3688471.906336	1603.145998
2077	397265.397677	3688607.897714	16653.859393
2078	395123.499968	3687039.215733	5784.399989
2079	396070.370025	3687909.629947	31199.369467
2080	396977.541598	3688225.500005	10107.504970
2081	396285.886396	3688310.476440	9056.461915
2082	395434.044123	3687274.955849	9471.044242
2083	396964.650725	3688409.650762	2192.494191
2084	395388.127385	3686780.500005	37339.643689
2085	395412.499968	3688242.399500	19371.769894
2086	396010.127385	3687750.500005	45827.530069
2087	395903.186259	3687417.813713	5905.178117
2088	396853.441093	3689102.558879	13907.792261
2089	397577.499968	3687860.487811	8675.989192
2090	397784.177637	3688316.177674	15432.300523
2091	395484.751230	3687428.248742	6792.211603
2092	395938.491346	3688631.508627	21465.536512
2093	396042.337017	3687283.662956	25636.762912
2094	396853.529405	3688609.500005	14754.830925
2095	397385.499968	3688224.458374	26258.309450
2096	395969.246417	3688245.808521	10864.141168
2097	395144.499968	3688198.784276	13939.871887
2098	395221.441093	3687187.500005	27337.196792
2099	395794.993871	3687797.993908	25911.963197
2100	395919.499968	3687327.387306	26950.366369
2101	396936.579657	3687887.420315	18727.039729
2102	397011.349210	3689062.650762	18819.187089
2103	397137.499968	3689468.541635	21382.067734
2104	397297.855307	3688014.500005	27646.950766
2105	395324.499968	3688359.441130	34011.000676
2106	395613.357832	3688038.357869	30319.907528
2107	395708.499968	3687910.884781	19048.993521
2108	396098.591851	3688500.408122	14348.865681
2109	396219.499968	3688709.127422	33883.827526
2110	395692.822298	3687390.177674	34720.559532
2111	396471.499968	3688377.470567	18673.669342
2112	396615.508589	3688327.508627	30432.718682
2113	396478.650725	3688953.650762	26548.296105
2114	396906.499968	3689175.541635	40152.732006
2115	395874.499968	3687494.517249	7087.009293
2116	396697.730415	3688834.500005	26469.131346
2117	396842.520783	3689405.520820	29982.144331
2118	397624.499968	3688779.026917	26151.749640
2119	397335.343113	3688449.020820	20768.438403
2120	395554.148200	3688496.851772	42661.931473
2121	395758.751230	3686988.248742	34750.791649
2122	396195.855307	3687934.500005	27329.873477
2123	396459.801483	3687494.198489	44488.849226
2124	396338.094376	3687366.905596	35110.574997
2125	396292.044123	3688898.500005	38520.544478
2126	396603.922803	3687664.077169	41487.035125
2127	396830.499968	3687541.215733	36545.934416
2128	395534.458337	3687286.541635	49039.671393
2129	396002.470530	3688715.500005	40035.754000
2130	396206.851735	3687301.148237	46882.546491
2131	395642.862215	3688427.052637	3541.265331
2132	395191.692356	3688288.307616	53812.067317
2133	395273.499968	3687946.127422	25047.434396
2134	395836.884744	3688576.115228	51289.747192
2135	397468.579657	3688830.579694	52277.677853
2136	395478.763423	3687749.236549	43718.296661
2137	396621.245134	3689124.500005	50343.314639
2138	396447.901988	3688390.500005	41966.354301
2139	395598.801483	3687302.198489	39300.055109
2140	396798.499968	3688140.125330	3280.370377
2141	396874.186259	3687839.813713	28358.911886
2142	397079.499968	3687797.558879	51446.696856
2143	397551.286764	3688543.713208	37602.183248
2144	397321.680162	3687769.319810	97006.742170
2145	395617.571035	3687739.500005	7214.889150
2146	395332.499968	3687815.500005	6783.666143
2147	395999.278142	3688230.721830	8028.491419
2148	396053.089325	3688114.910647	3309.318570
2149	396153.695927	3688239.304045	8984.870487
2150	395403.499968	3687458.500005	2674.524889
2151	395311.499968	3687475.604694	4329.511528
2152	396171.609095	3687920.609132	28305.796159
2153	397802.499968	3688334.487811	16251.450377
2154	395389.655776	3687392.344196	1626.568075
2155	395779.499968	3687019.612703	29045.661108
2156	397255.851735	3688596.851772	17870.294699
2157	397159.448236	3688463.500005	2059.982330
2158	396951.269520	3688228.500005	11525.866804
2159	395127.094376	3687064.905596	8433.649312
2160	396064.169015	3687882.500005	32750.364821
2161	395411.357676	3687460.002142	3032.290594
2162	396961.801772	3688405.398489	2238.530563
2163	395363.926374	3686794.500005	38444.876827
2164	395401.115191	3688217.115228	20544.920457
2165	396873.754802	3689086.245171	14975.364456
2166	395408.144628	3687282.855344	17123.790023
2167	395985.801483	3687738.801520	47013.976779
2168	395961.926374	3688617.073598	22661.168776
2169	396028.194881	3687307.805091	26512.858730
2170	396875.662918	3688593.337054	16027.888996
2171	395152.499968	3688172.097984	14499.478895
2172	395774.609095	3687777.609132	27084.382219
2173	395920.508589	3687354.491383	27609.709183
2174	396916.194881	3687907.805091	20242.582694
2175	397027.487774	3689040.500005	19717.725460
2176	395203.499968	3687203.659384	28703.775464
2177	395700.700978	3687884.701015	20157.493029
2178	397271.169015	3688022.500005	31494.208964
2179	397380.499968	3688252.387306	34413.721603
2180	395323.499968	3688331.512198	36568.252753
2181	395669.922803	3687403.077169	35870.958780
2182	395602.751230	3688012.751267	34886.932655
2183	395868.123813	3687519.876159	8635.283044
2184	397329.400725	3688452.781228	20843.095313
2185	396465.504064	3688369.986720	19120.842001
2186	396231.499968	3688684.097984	42857.158169
2187	396587.997442	3688321.500005	37401.909406
2188	396828.077132	3687568.077169	37700.082413
2189	396916.499968	3689149.683771	46199.055404
2190	397607.754802	3688760.500005	28864.518013
2191	396442.245134	3687515.754839	48963.910129
2192	396590.499968	3687688.517249	44217.501654
2193	396477.499968	3688925.784276	36111.255997
2194	395190.236512	3688261.236549	54914.882982
2195	395524.144628	3687310.855344	51312.632863
2196	395572.532976	3688474.466996	50444.212689
2197	395997.499968	3688688.955849	42902.625266
2198	396320.801483	3688897.500005	46206.251695
2199	396724.830920	3688835.500005	34395.644911
2200	395490.499968	3687724.097984	44063.087745
2201	395861.612666	3688563.387306	54437.570973
2202	396190.588279	3687324.411693	52504.059414
2203	396316.709600	3687386.290373	44561.665956
2204	397476.499968	3688804.754839	56802.655463
2205	396867.558842	3689417.500005	46501.256438
2206	396448.029448	3688374.500512	42168.306943
2207	397592.340588	3687884.340625	28512.746707
2208	395579.245134	3687321.754839	40327.554782
2209	396646.926374	3689114.073598	67419.924632
2210	396798.499968	3688168.468475	4435.224816
2211	396871.499968	3687868.701015	29507.326970
2212	397069.499968	3687823.416743	53053.374269
2213	397308.311151	3687792.500005	100978.606083
2214	395602.985249	3687740.500005	11528.033061
2215	395277.662918	3687920.337054	25816.657169
2216	395987.864913	3688234.036996	10944.427619
2217	396077.110141	3688105.110178	4591.777766
2218	396167.716742	3688216.283230	9958.602927
2219	395349.014686	3687802.500005	8127.212435
2220	395306.499968	3687447.675762	4909.380938
2221	395757.973056	3687004.973093	29769.182989
2222	395965.830920	3687718.830957	48417.675899
2223	395846.499968	3687537.990337	10005.767682
2224	397139.499968	3688457.500005	5822.309854
2225	397239.295386	3688574.295423	18678.556055
2226	395335.583229	3686796.500005	41771.317974
2227	395748.830920	3687770.830957	29745.069632
2228	396901.855307	3688584.144666	19193.074376
2229	396157.538027	3687902.538064	32144.963337
2230	396924.997442	3688219.500005	12832.810051
2231	395116.366454	3687089.633518	9622.120204
2232	396958.952819	3688401.146215	2266.813845
2233	397785.499968	3688356.274608	17543.652449
2234	395389.499968	3688191.926411	24018.591762
2235	395978.896937	3688594.103035	23680.427067
2236	396015.466959	3687332.533013	27027.890480
2237	396894.846685	3689066.153288	18277.962433
2238	396898.499968	3687928.132472	21439.460290
2239	395911.807568	3687367.918677	27888.850786
2240	395155.999968	3688158.547732	14695.696084
2241	397247.068510	3688030.500005	32134.437482
2242	395192.499968	3687209.579694	28801.418559
2243	395388.382219	3687300.500005	23784.485135
2244	395645.825869	3687414.500005	39171.579084
2245	395685.265949	3687862.265986	24561.171232
2246	397038.437522	3689019.437559	34785.388344
2247	395322.499968	3688302.754839	42496.676837
2248	395594.499968	3687986.169052	38290.367459
2249	396561.725364	3688314.500005	38700.902206
2250	397323.458337	3688456.541635	21055.875952
2251	397378.680162	3688278.319810	46343.389738
2252	396246.499968	3688660.896974	47012.932932
2253	396581.825869	3687713.825906	45575.372549
2254	396476.499968	3688898.683771	37418.309580
2255	396828.499968	3687595.416743	40802.448624
2256	396917.680162	3689121.680199	48684.404337
2257	397581.068510	3688752.500005	34567.143889
2258	395190.499968	3688232.784276	56099.432497
2259	395505.881172	3687332.118800	52631.720785
2260	395596.968005	3688461.031967	51383.466541
2261	396038.659347	3687871.659384	33851.005687
2262	395998.499968	3688661.855344	44090.968238
2263	396430.499968	3687540.889832	51782.199411
2264	395887.931425	3688554.500005	55659.490881
2265	396168.838063	3687341.500005	53549.595558
2266	396745.031930	3688819.500005	37509.871804
2267	396294.423849	3687403.500005	47639.396211
2268	397469.499968	3688777.654334	59168.764048
2269	396448.097947	3688365.902025	43466.962936
2270	396895.487774	3689422.500005	51235.229378
2271	396344.148200	3688884.851772	66362.178761
2272	395556.499968	3687335.889832	41511.449855
2273	397591.499968	3687912.203540	31726.904789
2274	396662.482724	3689090.517249	73717.344983
2275	396802.744087	3688193.255885	5313.039609
2276	397073.499968	3687851.759889	54342.145349
2277	396867.499968	3687896.215733	33886.910177
2278	397290.499968	3687814.647191	109132.027841
2279	395589.020783	3687743.000005	11665.937693
2280	396104.877601	3688106.500005	5178.628653
2281	396181.151771	3688191.848201	14096.312483
2282	395348.499968	3687779.541635	9318.327983
2283	395727.688784	3687755.311188	30985.413500
2284	397224.324823	3688551.324860	19483.058101
2285	397770.517211	3688379.482761	18662.500495
2286	397558.796432	3688739.500005	35144.232748
2287	397232.040252	3688025.172852	32358.580923
2288	395943.688784	3687702.688821	53511.129936
2289	395188.544476	3687211.708580	29162.837301
2290	396907.499968	3688558.968042	19928.171328
2291	396132.110141	3687891.500005	32831.221472
2292	396897.896937	3688226.500005	13988.247506
2293	395103.499968	3687113.132472	10774.007201
2294	395307.316201	3686800.683771	52174.201161
2295	396956.726393	3688397.823110	2286.199792
2296	395387.499968	3688164.411693	25398.786549
2297	395997.676591	3688575.500005	24287.102787
2298	396918.695927	3689051.304045	19341.246035
2299	395905.780667	3687377.219305	27980.176413
2300	395157.749968	3688151.772606	14779.111926
2301	396881.499968	3687950.505055	28069.315783
2302	395362.524354	3687304.500005	25014.368934
2303	395619.553791	3687423.500005	40336.400993
2304	395684.499968	3687835.896974	25487.946526
2305	395853.499968	3687565.090842	11235.712532
2306	395599.499968	3687959.068547	39931.663706
2307	397371.499968	3688305.345676	47582.078062
2308	395331.499968	3688276.482761	46286.687730
2309	396251.499968	3688632.968042	48081.412926
2310	396534.210646	3688314.500005	42397.642214
2311	396933.047695	3689099.952277	50115.486090
2312	395484.838063	3687349.500005	53685.249148
2313	396592.499968	3687739.404550	48185.700978
2314	396012.759852	3687861.759889	37102.055690
2315	396491.219268	3688874.780705	42841.781117
2316	396770.482724	3688822.517249	40439.377189
2317	395915.446144	3688548.500005	60688.428321
2318	396428.499968	3687567.576123	62999.918302
2319	396282.425328	3687426.574644	50249.325142
2320	396916.219268	3689439.219305	52475.180058
2321	396008.269520	3688636.730452	59889.961830
2322	397474.499968	3688751.139615	61664.482446
2323	397607.260898	3687934.260935	32846.617604
2324	396145.889794	3687357.110178	64802.476960
2325	396360.583229	3688863.416743	73491.941489
2326	395187.044123	3688205.044160	86532.982056
2327	396824.499968	3687623.759889	66854.787397
2328	395543.909130	3687359.500005	51070.182116
2329	396686.917752	3689077.082220	96141.806667
2330	396862.751230	3687924.248742	34896.521677
2331	397082.876122	3687877.876159	56985.986400
2332	397274.839542	3687838.160430	114183.819772
2333	395582.038550	3687744.250005	12894.211755
2334	396188.222839	3688164.777133	15208.006496
2335	395362.662918	3687760.337054	11687.895418
2336	395701.910610	3687748.910647	31883.602895
2337	397209.499968	3688528.637090	20006.507165
2338	397759.203503	3688404.796469	19806.134315
2339	395918.375076	3687691.375113	57202.392542
2340	396870.416706	3688220.583266	14727.970488
2341	395093.210646	3687135.210683	11521.416736
2342	395285.052745	3686815.947227	53311.277306
2343	395388.976627	3688135.023345	26780.846890
2344	396943.130956	3689037.869016	19907.554981
2345	396013.507006	3688576.164495	24432.624249
2346	395900.397016	3687384.173954	28041.499821
2347	395335.009636	3687306.500005	26253.390098
2348	395597.499968	3687435.889832	41395.765689
2349	395689.654296	3687811.345676	26235.141515
2350	395853.574607	3687592.574644	12190.713181
2351	395592.123813	3687932.123850	41505.926906
2352	395332.499968	3688248.553828	47538.784103
2353	396254.947190	3688606.052782	49046.503357
2354	396934.499968	3689073.039110	51068.639132
2355	395466.465480	3687370.500005	54509.670494
2356	396511.446144	3688298.446181	45482.182025
2357	397363.553791	3688331.500005	53436.356289
2358	396598.796432	3687766.796469	52881.627009
2359	396502.499968	3688849.453323	45468.662948
2360	395990.324823	3687846.324860	39955.824722
2361	395936.775617	3688535.224355	63616.594332
2362	396013.073561	3688609.073598	60814.589456
2363	396424.960862	3687593.039110	65628.030674
2364	396791.624859	3688805.375113	47424.855644
2365	397475.499968	3688737.382256	61821.603553
2366	396278.283193	3687450.716779	54238.958975
2367	396119.697406	3687366.302566	68150.899230
2368	397623.499968	3687956.362920	40202.455404
2369	395177.144628	3688179.144666	87317.398406
2370	396377.725364	3688842.274608	76860.646700
2371	395523.940047	3687378.059925	51885.489120
2372	396811.499968	3687648.375113	70538.989159
2373	396939.240083	3689453.240120	72452.247168
2374	396706.534455	3689060.500005	97298.842948
2375	397097.018257	3687902.018295	62602.011935
2376	395159.499968	3688144.997479	14814.832268
2377	397264.940047	3687864.059925	116743.278949
2378	397548.499968	3688729.500005	93040.383798
2379	395575.056317	3687745.500005	13069.403941
2380	396210.536547	3688152.463425	17269.769866
2381	395372.780667	3687738.780705	13844.129486
2382	397202.499968	3688516.536585	20329.257673
2383	397747.499968	3688429.948706	20884.310442
2384	395892.182688	3687682.182725	58373.097694
2385	395087.465480	3687157.500005	11855.393590
2386	395282.018257	3686842.018295	54340.546286
2387	395393.926374	3688107.073598	27945.933468
2388	396954.983463	3689031.684510	20138.346295
2389	395310.132435	3687306.132472	27427.753031
2390	395577.960862	3687456.039110	42553.435853
2391	395619.059888	3688441.940084	86055.708735
2392	395594.499968	3687906.110178	42465.413041
2393	395338.499968	3688221.867537	48823.312846
2394	396955.499968	3689056.423886	51678.439306
2395	397345.274571	3688352.725401	54556.080330
2396	395868.499968	3687614.049211	32251.520421
2397	396254.395891	3688578.395928	55116.137978
2398	396495.499968	3688277.980235	47118.652193
2399	396511.499968	3688825.423886	50067.497679
2400	395977.960862	3687839.960899	40216.865389
2401	395952.210646	3688512.789326	65163.491826
2402	396018.375076	3688584.500005	61398.308165
2403	396415.499968	3687619.120279	69869.625452
2404	396810.716742	3688783.283230	51129.634698
2405	397475.999968	3688730.503576	62247.038255
2406	396258.499968	3687470.179153	56951.274375
2407	396603.011115	3687792.988857	65443.895345
2408	396093.505018	3687365.505055	69335.573754
2409	395170.073561	3688152.073598	89121.541283
2410	395495.404513	3687377.595459	52775.871262
2411	396390.499968	3688818.394449	81427.660997
2412	396804.499968	3687675.475618	73561.446410
2413	396728.373597	3689043.626376	103428.685786
2414	397638.252276	3687980.252313	56407.098957
2415	396967.061367	3689458.500005	95178.327138
2416	397099.499968	3687929.333482	67189.586899
2417	397257.499968	3687889.563930	119747.412490
2418	397521.813676	3688725.500005	110676.904906
2419	395972.499968	3688238.500005	21921.457881
2420	396230.499968	3688133.661476	20052.575230
2421	395366.499968	3687712.796469	16138.965411
2422	395308.499968	3687431.500005	9040.620539
2423	395294.499968	3686866.848201	56225.502000
2424	397739.283193	3688455.716779	21893.379912
2425	395074.088185	3687161.966438	11999.434321
2426	395742.499968	3686994.500005	65203.810600
2427	396966.835971	3689025.500005	22010.619296
2428	395551.879693	3687459.500005	43433.135782
2429	395592.499968	3687880.252313	43405.617214
2430	395630.252276	3688432.747696	86213.479482
2431	395337.499968	3688192.281751	50152.223483
2432	396962.999968	3689045.409168	51981.418965
2433	397338.082183	3688378.917790	55627.715613
2434	395856.678683	3687637.500005	33169.537188
2435	396485.725364	3688269.240120	47406.427632
2436	396253.499968	3688551.252313	57730.347007
2437	396506.499968	3688798.080740	51209.374054
2438	395963.524354	3688487.475618	66283.133910
2439	395864.536547	3687678.500005	69971.550644
2440	395965.596901	3687833.596938	40993.222868
2441	397476.499968	3688723.624896	62422.080602
2442	396250.499968	3687496.865445	59755.209304
2443	396596.499968	3687817.806570	68603.064255
2444	396832.593330	3688766.500005	56483.803166
2445	396067.649246	3687355.500005	72045.340346
2446	396419.499968	3687646.634998	83050.684305
2447	395165.869435	3688147.430335	89160.592062
2448	396412.252276	3688801.747696	84528.312013
2449	396799.499968	3687703.404550	78982.000343
2450	397648.499968	3688006.007581	59983.089475
2451	396754.858878	3689039.141094	108364.310006
2452	396994.260898	3689463.739074	96608.895370
2453	397095.499968	3687957.676628	70361.637506
2454	397248.383698	3687914.616274	131856.495807
2455	397496.115191	3688719.884781	116947.930201
2456	395966.105090	3688232.105127	22113.280178
2457	396244.699498	3688111.300474	21104.348267
2458	395358.224318	3687686.224355	17091.595604
2459	395286.115191	3687413.115228	11696.015312
2460	395263.144628	3687396.144666	12575.192143
2461	395163.184701	3688144.465170	89178.338851
2462	395832.499968	3687648.593367	34932.315827
2463	397718.499968	3688475.936513	22852.524041
2464	395718.713171	3686981.500005	70641.278120
2465	395274.525833	3686884.474139	75040.834446
2466	395533.212125	3687479.787847	44632.571083
2467	395635.848470	3688428.151502	86287.958550
2468	395327.499968	3688166.423886	51310.323966
2469	395588.499968	3687854.394449	46119.641948
2470	396970.499968	3689034.394449	52168.726948
2471	397334.499968	3688404.948706	56547.711255
2472	396475.950761	3688260.500005	47533.898390
2473	395972.959383	3688463.040589	67405.136300
2474	396506.304008	3688772.304045	54747.327136
2475	395957.770285	3687826.173029	41092.363420
2476	395836.607615	3687679.500005	70665.493586
2477	396257.499968	3688523.737595	71258.730768
2478	396247.364975	3687522.365012	60974.494364
2479	396039.948669	3687349.948706	72602.838885
2480	396588.335537	3687843.500005	71038.890843
2481	396852.415227	3688747.584745	59211.226429
2482	396422.499968	3687673.149716	90512.187265
2483	396424.273091	3688776.726881	88870.924015
2484	396455.499968	3688357.500005	65609.151889
2485	396788.667969	3687728.332003	84680.017400
2486	397649.808625	3688033.808662	62894.104529
2487	396776.465480	3689024.534492	110876.270926
2488	397021.262377	3689468.500005	100803.706981
2489	397081.475581	3687979.524391	71429.299701
2490	397231.534455	3687936.465517	139221.714856
2491	397484.472982	3688720.843463	117393.936619
2492	395953.155342	3688234.155380	22403.229892
2493	396251.499968	3688087.431029	22028.422500
2494	395354.499968	3687660.838100	21083.987278
2495	395511.891887	3687496.500005	45996.456858
2496	396266.397983	3688063.601989	22399.471164
2497	395241.499968	3687380.624896	13690.269406
2498	395826.810105	3687661.236549	35051.303338
2499	397697.998921	3688491.001051	24015.704502
2500	395394.499968	3688078.968042	62460.182836
2501	395700.801483	3686960.801520	73045.650367
2502	395290.499968	3687285.500005	32264.879441
2503	395331.210646	3688138.789326	52688.114207
2504	395576.525833	3687830.525871	47257.314929
2505	397334.576086	3688427.423886	56987.086615
2506	396496.009636	3688748.990337	57655.215784
2507	395981.499968	3688436.578215	76344.513148
2508	395828.264150	3687677.428078	71058.817254
2509	395951.966079	3687820.667469	41880.789490
2510	396239.940047	3688503.940084	73591.197782
2511	396570.120242	3687864.879730	72086.698926
2512	396863.072081	3688730.072118	60133.235159
2513	396260.850256	3687541.850293	67031.276064
2514	396446.950761	3688759.049211	89452.434046
2515	396028.075883	3687347.159356	77316.432345
2516	396416.499968	3687700.664435	98287.112947
2517	396455.499968	3688328.328432	67856.231287
2518	396771.499968	3687749.463425	91487.497565
2519	397046.291815	3689462.500005	105210.279607
2520	396792.723272	3689005.500005	117993.141102
2521	397648.499968	3688061.865445	76647.053201
2522	397070.499968	3688004.978143	78179.408149
2523	397216.392320	3687959.607652	142516.024506
2524	397480.486475	3688721.171734	117422.362949
2525	395940.205595	3688236.205632	22929.123639
2526	395258.499968	3686905.492862	75417.009722
2527	395362.039073	3687637.960899	23165.694606
2528	395484.791381	3687489.500005	47078.110554
2529	396272.601465	3688052.485824	22472.786233
2530	395823.965173	3687667.558139	35242.936594
2531	395228.633481	3687376.562450	14357.382077
2532	397682.685213	3688512.314759	25248.353541
2533	395393.176784	3688066.411896	62758.775165
2534	395268.236512	3687268.236549	33725.917162
2535	395568.545169	3687804.454803	48327.791579
2536	397327.712125	3688439.287847	57227.326176
2537	395678.482724	3686948.500005	89671.798974
2538	396491.793907	3688737.745171	57782.975443
2539	395335.499968	3688110.566022	72028.411310
2540	395824.382059	3687676.464041	71071.232096
2541	395980.637053	3688410.362920	88015.845208
2542	396227.919232	3688478.919269	80876.251380
2543	396880.800003	3688711.199969	64405.671863
2544	396547.563893	3687881.436079	77830.223791
2545	396264.499968	3687569.510106	74432.174971
2546	396397.998921	3687723.001051	103286.257159
2547	396464.813676	3688302.186296	69917.700868
2548	396457.144628	3688750.274608	96423.234039
2549	396767.499968	3687776.149716	94847.391940
2550	396819.823777	3688998.500005	124002.028511
2551	397072.392320	3689462.500005	125239.430910
2552	397068.262377	3688030.737595	79235.979181
2553	397653.122334	3688089.122371	84729.622192
2554	397223.371504	3687983.628468	144908.852087
2555	395913.811584	3688241.500005	33145.391295
2556	395255.307856	3686914.008959	75514.170242
2557	395388.524354	3687639.524391	25242.033355
2558	395463.499968	3687474.590408	49067.500173
2559	396274.550716	3688048.992914	22500.438254
2560	395245.265949	3687251.265986	68640.395756
2561	395822.542708	3687670.718935	35258.923721
2562	397657.371504	3688521.371542	26350.205743
2563	397320.848164	3688451.151808	57436.213699
2564	395653.123813	3686944.123850	93865.430316
2565	395570.499968	3687776.921361	54096.071270
2566	395391.499968	3688050.500005	67354.163944
2567	396489.686042	3688732.122588	57840.254616
2568	395341.499968	3688083.051303	72998.960250
2569	396848.609095	3687948.390878	63885.176001
2570	395822.441013	3687675.982023	71094.540284
2571	395998.243654	3688391.756318	95425.760471
2572	396223.499968	3688450.749788	83516.392891
2573	396249.643582	3687593.356390	79145.732479
2574	396528.007543	3687900.992429	85699.717363
2575	396902.499968	3688695.460466	73015.556171
2576	396466.156822	3688287.742645	70258.098841
2577	396376.321252	3687741.678720	106452.121748
2578	396467.338496	3688741.500005	96588.002077
2579	396771.499968	3687803.664435	98422.299951
2580	396844.749751	3688986.250221	126597.109705
2581	397099.735466	3689465.500005	128020.396482
2582	397049.534455	3688049.465517	81606.474710
2583	397651.499968	3688116.480669	87681.576700
2584	397223.499968	3688012.024824	146395.098353
2585	395885.882652	3688240.500005	34199.085683
2586	395821.120242	3687673.879730	35267.048179
2587	395220.968005	3687237.500005	69773.020327
2588	397630.217788	3688524.500005	27818.154220
2589	395641.444664	3688423.555308	89846.891582
2590	395570.499968	3687762.749788	54263.253198
2591	395628.524354	3686932.500005	96798.678010
2592	395376.499968	3688027.884781	67633.630822
2593	396487.578178	3688726.500005	57872.333451
2594	395350.499968	3688056.779225	73674.196584
2595	396828.759852	3687967.240120	67905.654596
2596	396019.924282	3688374.500005	96877.279498
2597	396216.069989	3688426.070026	88002.497111
2598	396234.501447	3687616.498525	82411.559822
2599	396511.744087	3687924.255885	86907.871801
2600	396921.499968	3688673.330524	74082.280613
2601	396467.499968	3688273.298994	70857.954499
2602	396350.803575	3687748.500005	112785.193187
2603	396473.818910	3688735.434029	98236.848892
2604	396760.484203	3687828.515769	102635.268155
2605	396864.499968	3688969.703107	129805.675774
2606	397125.858878	3689458.141094	129003.839151
2607	397035.499968	3688072.480669	90948.445150
2608	397641.614145	3688142.385827	94938.440328
2609	395216.499968	3687225.500005	71583.927570
2610	397604.774137	3688535.500005	28999.679547
2611	395642.858878	3688422.141094	89870.628313
2612	395570.499968	3687755.664002	54338.553853
2613	395604.789289	3686918.789326	113266.572244
2614	395362.080703	3688033.919269	74093.858403
2615	396809.860357	3687984.139615	71254.289292
2616	396036.578178	3688356.421794	97999.943361
2617	396931.499968	3688649.129514	75165.162563
2618	396225.309059	3687642.690913	86728.250304
2619	396497.601952	3687948.398020	90223.488574
2620	396469.007550	3688265.359565	70962.082575
2621	396213.072081	3688407.927891	93674.405125
2622	396326.531497	3687759.500005	114228.914337
2623	396479.659439	3688729.967017	98276.124649
2624	396743.499968	3687850.309096	106499.826857
2625	396871.499968	3688944.845242	132853.315830
2626	397029.614145	3688098.385827	92216.098006
2627	397647.499968	3688168.196397	97757.788750
2628	396044.891887	3688332.108086	101321.251192
2629	395203.696667	3687221.196704	72023.868275
2630	397581.744700	3688545.500005	29904.710313
2631	395470.921324	3687389.500005	107999.400538
2632	395570.499968	3687748.578215	54376.827293
2633	395578.980198	3686915.500005	114294.352824
2634	395370.248040	3688024.534676	74202.776621
2635	396021.499968	3688576.500005	85987.707753
2636	395645.499968	3688419.500005	93852.068577
2637	396955.661439	3688637.338533	75619.228278
2638	396222.176158	3687669.176195	88287.516647
2639	396480.752709	3687970.247263	91582.784210
2640	396226.971576	3688388.028396	95660.672998
2641	396299.016778	3687761.500005	120918.886173
2642	396482.579703	3688727.233511	98676.930853
2643	396730.199932	3687874.800040	110593.038878
2644	396891.276663	3688927.723309	136018.405608
2645	397017.593330	3688123.406642	95972.609085
2646	397651.179116	3688193.820856	101001.354230
2647	395190.893366	3687216.893403	72102.159891
2648	395447.362883	3687403.637090	108323.997801
2649	395551.465480	3686911.500005	121944.663693
2650	396071.377168	3688329.622804	102611.647981
2651	396012.499968	3687343.500005	104647.043752
2652	396467.499968	3687994.757797	92689.762766
2653	395653.278142	3688407.721830	95025.966662
2654	396030.617234	3688563.351793	101807.838358
2655	396232.782759	3687694.782797	92020.178085
2656	396234.456858	3688362.543114	100293.326358
2657	396272.744700	3687762.500005	124311.285922
2658	396705.886223	3687887.113749	114315.114660
2659	396896.499968	3688902.129514	139311.956979
2660	397003.451194	3688147.548778	101415.210168
2661	397633.622767	3688215.377205	106167.295269
2662	395440.611997	3687409.338309	108407.936540
2663	396791.304008	3688004.695964	76373.465084
2664	395528.454766	3686897.454803	125112.277696
2665	395160.499968	3688141.500005	104108.901311
2666	395996.882917	3687346.979619	105011.317034
2667	396036.650725	3688554.650762	102035.547335
2668	396233.682254	3687719.682291	93163.408126
2669	396466.499968	3688021.858302	97095.781527
2670	395661.056317	3688395.943655	100093.596719
2671	396244.356353	3688336.643620	101506.737883
2672	396247.066418	3687768.933554	125064.624573
2673	396681.451194	3687898.548778	115506.970119
2674	396911.728323	3688883.500005	142204.383951
2675	397132.499968	3689455.500005	151318.485715
2676	396983.016165	3688164.016203	102576.635840
2677	397616.359311	3688237.640661	107548.285097
2678	397310.499968	3688460.500005	79194.312429
2679	395985.571035	3687349.500005	105550.152030
2680	395502.578178	3686887.500005	143952.851314
2681	396232.046215	3687747.046253	95417.084728
2682	395158.739536	3688125.597147	105091.697361
2683	396044.217482	3688543.433248	104363.061806
2684	396450.104477	3688041.895495	101363.815742
2685	395679.026879	3688373.973093	102163.622121
2686	396257.791381	3688312.208591	105576.385957
2687	396659.499968	3687914.769991	121248.247105
2688	396930.682254	3688865.317718	146275.073247
2689	397145.233419	3689445.811908	151610.232001
2690	396957.786331	3688174.500005	103854.606938
2691	397601.217176	3688260.782797	117737.566560
2692	397558.409564	3688561.590408	68094.736204
2693	396974.499968	3689026.500005	74402.924084
2694	397282.985249	3688462.500005	81754.008676
2695	395477.241562	3686882.241599	148852.450659
2696	396051.784239	3688532.215733	104911.684547
2697	395700.583229	3688356.416743	103213.795118
2698	396427.255235	3688057.744737	103373.767790
2699	395157.499968	3688114.399500	112160.285214
2700	395960.470530	3687358.500005	139597.048777
2701	396644.499968	3687936.799428	122434.040174
2702	396269.952240	3688307.354298	105740.815237
2703	397224.499968	3688022.500005	178848.404399
2704	396938.460429	3688840.539543	149530.399902
2705	396931.100039	3688170.500005	112816.979526
2706	397591.499968	3688285.929370	118854.632815
2707	397153.529405	3689439.500005	195066.902400
2708	397545.606263	3688566.893709	68421.639425
2709	396773.436042	3688025.500005	81607.030648
2710	397000.106569	3689019.106606	78081.411106
2711	397255.056317	3688459.500005	94994.638762
2712	395450.034022	3686885.500005	153514.554636
2713	396064.345639	3688508.500005	107258.276496
2714	396402.820206	3688067.179766	105498.465674
2715	395724.647154	3688343.500005	107894.033104
2716	395155.499968	3688085.227927	113140.742303
2717	395935.993871	3687369.006101	140042.539989
2718	396639.499968	3687959.657292	125934.257895
2719	396282.113099	3688302.500005	106255.436808
2720	397219.829153	3688028.994886	178956.777821
2721	396955.652817	3688822.347155	150531.510232
2722	396904.731894	3688179.268078	116696.189136
2723	397596.246613	3688313.753359	123151.785480
2724	397170.499968	3689420.855344	196290.297980
2725	397476.499968	3688721.500005	179938.723010
2726	397533.754802	3688562.500005	68666.902879
2727	396755.235032	3688045.500005	82926.554773
2728	397021.420278	3689006.579694	79933.144806
2729	397229.872551	3688471.127422	95441.259458
2730	396077.532976	3688485.466996	108087.137717
2731	395426.004585	3686872.500005	158323.761591
2732	395749.917752	3688332.082220	109416.527899
2733	395155.763423	3688059.236549	114047.003568
2734	395923.483463	3687375.016509	140295.141417
2735	396623.499968	3687981.029875	127073.171759
2736	397215.158338	3688035.489768	179085.124937
2737	396977.380739	3688808.619233	152671.942970
2738	396879.418186	3688190.581786	117670.098086
2739	397583.225798	3688337.774175	126373.898372
2740	397189.759852	3689402.500005	206023.135572
2741	397471.551242	3688715.214297	180511.338710
2742	397528.697271	3688568.418225	68910.297756
2743	396727.720314	3688051.500005	86918.400784
2744	397215.280145	3688464.565281	96504.895438
2745	395400.250184	3686874.749788	161549.877828
2746	395159.499968	3688033.612703	114831.610929
2747	395775.120242	3688322.500005	121365.187976
2748	395910.973056	3687381.026917	141181.180688
2749	396609.104477	3688003.895495	128351.718894
2750	396992.017645	3688790.500005	153611.483347
2751	397566.790769	3688359.209203	131510.517617
2752	397209.499968	3688043.357869	182559.071828
2753	397198.997442	3689379.002530	217241.240945
2754	397466.602517	3688708.928590	180615.394254
2755	396601.840155	3688030.500005	129500.315524
2756	397523.499968	3688574.500005	69067.519283
2757	396700.619809	3688058.500005	88346.379160
2758	397206.240083	3688460.500005	96613.114792
2759	395799.373597	3688308.626376	122512.735318
2760	395163.198452	3688006.801520	120359.789617
2761	395902.322823	3687386.322848	141268.000226
2762	395375.288856	3686871.500005	164773.585495
2763	397010.499968	3688780.538677	154759.746869
2764	397543.598381	3688371.401592	135229.487378
2765	397195.499968	3688066.387306	187671.656058
2766	397215.553791	3689356.446181	228060.415373
2767	397460.642103	3688701.357869	181790.029104
2768	395570.499968	3687745.500005	68027.852436
2769	397512.071035	3688579.000005	71056.631005
2770	396673.806533	3688066.193439	91037.159436
2771	395179.499968	3687984.139615	121769.835057
2772	396286.499968	3688302.500005	115707.249838
2773	396577.499968	3688040.846109	136225.859442
2774	395348.865408	3686880.134564	168226.701900
2775	395823.499968	3688294.477710	143812.527096
2776	397034.079224	3688767.920748	163167.869856
2777	397522.163352	3688387.836620	136291.161396
2778	397228.281713	3689331.718259	236313.177175
2779	397202.499968	3688092.316238	202248.130075
2780	397460.337017	3688676.337054	185264.109707
2781	395565.766265	3687739.050814	68199.349345
2782	397046.499968	3688746.237161	164413.449411
2783	396106.499968	3688474.512198	122947.464480
2784	397500.642103	3688583.500005	72392.276501
2785	396652.075653	3688078.500005	92346.938570
2786	395200.018257	3687964.981715	122754.900956
2787	396470.499968	3688257.500005	119521.107086
2788	396298.040802	3688291.418076	115916.922803
2789	395839.723272	3688272.500005	145273.250590
2790	396558.991779	3688062.008193	138692.645399
2791	395324.380126	3686884.619846	173077.866197
2792	397497.408697	3688398.500005	139910.353012
2793	397243.499968	3689308.021866	237859.008023
2794	397194.499968	3688118.416743	203357.372534
2795	397441.901988	3688656.902025	187561.125742
2796	395561.032562	3687732.601623	68631.264417
2797	396111.798957	3688461.707111	123890.377628
2798	397472.357832	3688579.357869	76874.696572
2799	396627.764903	3688092.235069	97180.686901
2800	395214.867500	3687941.132472	123758.605364
2801	396455.008405	3688253.498569	119805.112969
2802	395861.335537	3688253.664435	146282.202799
2803	396306.286764	3688283.500005	117981.683237
2804	396555.499968	3688087.248129	142278.247355
2805	397034.121721	3688723.121758	165626.728404
2806	395300.945098	3686895.054874	173845.719637
2807	397477.293294	3688416.706678	141088.590643
2808	397186.499968	3688143.446181	204334.324368
2809	397253.273091	3689283.726881	261879.952882
2810	395553.943618	3687722.943655	69927.982414
2811	397417.210646	3688647.500005	188660.921845
2812	395851.499968	3688214.500005	161595.365766
2813	395820.499968	3687675.500005	106425.193664
2814	397446.855307	3688588.500005	79041.270099
2815	396605.915660	3688107.084312	98064.943797
2816	397038.499968	3689004.500005	115213.766127
2817	396106.039073	3688447.960899	129777.167897
2818	395237.302529	3687925.697443	124773.547845
2819	396443.399462	3688250.500005	123226.615639
2820	396324.905559	3688263.094413	119718.215013
2821	396549.314109	3688114.685863	143705.950140
2822	397019.499968	3688699.764073	168109.381760
2823	395278.499968	3686909.314146	175727.407466
2824	397459.615624	3688439.384348	144139.332016
2825	397183.499968	3688170.546686	212377.478839
2826	397270.499968	3689260.862486	263207.990550
2827	395526.198452	3687717.500005	74637.162401
2828	397388.174066	3688649.825906	189468.360760
2829	395267.371071	3686915.407075	175896.686608
2830	395818.511013	3687675.290095	106524.151546
2831	397424.997442	3688602.500005	79989.271202
2832	396591.499968	3688131.113136	98874.606700
2833	397059.529405	3688988.500005	117279.527465
2834	395257.909130	3687914.090842	125423.934639
2835	396109.499968	3688425.500005	130216.927573
2836	396421.115191	3688236.115228	125169.508607
2837	396528.586187	3688131.413785	144989.660092
2838	396999.130343	3688683.130380	175230.477904
2839	396329.499968	3688236.654334	131905.892064
2840	397439.766382	3688458.233590	145232.628010
2841	397180.981678	3688197.018295	213461.347901
2842	397275.499968	3689232.933554	272625.579476
2843	395498.922803	3687718.922840	75693.848115
2844	395256.242175	3686921.500005	176225.755484
2845	397398.952240	3688612.047732	84638.991092
2846	395816.522059	3687675.080186	106538.139080
2847	396581.499968	3688156.385214	99554.835120
2848	397081.499968	3688978.026917	125644.649351
2849	396858.276050	3688207.723922	132920.509566
2850	396106.357832	3688414.500005	132409.906412
2851	396400.583229	3688217.500005	128933.558612
2852	396521.429333	3688142.570639	145697.966817
2853	396976.018870	3688666.500005	177968.461295
2854	396344.947190	3688213.052782	135513.574311
2855	397422.375689	3688477.375726	146319.836284
2856	397177.499968	3688225.576123	222409.047981
2857	397259.833012	3689214.500005	275386.835926
2858	396840.499968	3688197.568114	136876.293797
2859	397374.931425	3688625.068547	85141.759079
2860	395812.544151	3687674.660367	106592.862972
2861	396579.503539	3688162.913912	99731.923294
2862	397085.269520	3688953.730452	132539.036399
2863	395375.499968	3688018.500005	142733.756799
2864	396119.499968	3688391.198489	134540.570607
2865	396379.499968	3688201.553828	129235.898430
2866	396517.850906	3688148.149066	145731.116397
2867	396485.499968	3688724.500005	156577.986595
2868	396966.499968	3688640.746829	178957.640516
2869	396352.371811	3688201.128161	135664.802549
2870	397405.499968	3688498.525258	149471.129193
2871	397165.499968	3688250.605560	225630.705097
2872	397263.853215	3689190.500005	284315.319811
2873	396823.499968	3688203.118187	147755.734236
2874	395804.588335	3687673.820730	106914.523654
2875	396577.507110	3688169.442609	107283.602641
2876	397111.169015	3688943.830957	134199.824368
2877	395366.832738	3688010.260502	143361.358575
2878	396122.077132	3688363.922840	135845.390347
2879	396373.994610	3688196.678730	130451.079569
2880	396516.061692	3688150.938280	145750.667408
2881	396486.685838	3688716.588386	157410.182095
2882	396356.084121	3688195.165851	135990.261415
2883	397389.499968	3688518.968909	150546.389045
2884	397161.499968	3688277.291852	226764.074733
2885	397283.184780	3689171.815192	291509.710834
2886	395792.550220	3687672.550257	107620.698356
2887	396573.514253	3688182.500005	107448.265106
2888	397131.725364	3688925.274608	139766.411859
2889	395355.236512	3687999.236549	144037.473515
2890	396117.730415	3688337.730452	139221.981346
2891	396514.272479	3688153.727493	145760.645520
2892	396368.489253	3688191.803631	130653.376321
2893	396359.796432	3688189.203540	136026.147893
2894	396487.871708	3688708.676767	157836.645130
2895	397377.561801	3688543.438172	151551.393367
2896	397173.212125	3688300.787847	235560.561708
2897	397307.326915	3689157.673057	296080.599858
2898	397324.499968	3689139.129514	299760.175438
2899	395771.993871	3687653.993908	112114.804666
2900	396567.192751	3688180.695702	107479.756822
2901	397132.796432	3688898.203540	145491.567499
2902	395342.508589	3687974.508627	146791.647402
2903	396365.494610	3688189.151818	130760.934271
2904	396489.499968	3688697.813713	159053.079953
2905	397353.386403	3688557.500005	155043.717401
2906	397164.499968	3688325.522299	238517.982649
2907	395493.499968	3687715.500005	120468.710197
2908	395746.926374	3687643.500005	115905.100314
2909	397150.474102	3688875.525871	149201.895180
2910	395332.499968	3687952.654334	148004.215930
2911	395895.499968	3687390.500005	176017.903990
2912	396501.298957	3688672.701015	167848.244793
2913	397328.398850	3688569.601122	156206.295846
2914	397165.499968	3688351.794377	239613.352008
2915	397317.166923	3689112.166960	302092.178892
2916	395479.541778	3687707.678946	120776.418293
2917	395720.316201	3687645.316238	116631.482849
2918	397149.747659	3688849.747696	151707.376269
2919	395324.499968	3687926.796469	149473.749435
2920	395869.307579	3687399.692393	177655.950199
2921	396515.499968	3688649.169052	168993.968712
2922	397315.802656	3688574.697316	156386.949687
2923	397167.499968	3688380.137523	246607.123524
2924	397306.499968	3689087.999571	305236.642086
2925	395470.298957	3687702.500005	123103.833920
2926	396505.499968	3688624.725401	171201.712102
2927	395692.311151	3687640.500005	118330.472700
2928	397146.515732	3688827.484240	156076.868816
2929	395323.499968	3687898.867537	150538.558533
2930	395841.064939	3687403.935033	182347.739299
2931	397309.504559	3688577.245414	156440.790315
2932	397163.978106	3688407.021866	247040.291804
2933	397305.460429	3689062.539543	313620.768414
2934	395443.579657	3687700.579694	127986.545191
2935	395679.589325	3687635.000005	118743.905097
2936	396803.499968	3688221.500005	153789.764039
2937	396227.499968	3687773.958807	221013.747984
2938	397157.122334	3688801.877638	166166.611713
2939	395817.751230	3687415.248742	183810.738292
2940	397303.206462	3688579.793511	156473.827261
2941	396528.889794	3688610.500005	172397.622678
2942	397306.499968	3689034.626988	318869.539719
2943	395431.558842	3687675.558879	130151.945223
2944	395666.867500	3687629.500005	118875.498468
2945	396781.357832	3688237.642140	154403.994408
2946	397172.499968	3688779.418836	170064.056119
2947	395803.499968	3687438.759889	186901.541921
2948	396554.747659	3688600.500005	175835.086452
2949	396222.499968	3687788.500005	221999.388117
2950	397297.016778	3689008.983194	322080.642247
2951	395418.123813	3687651.123850	130995.699372
2952	397161.499968	3688754.803612	170949.811609
2953	395784.499968	3687459.718259	188056.793079
2954	396581.019737	3688591.500005	178822.721263
2955	396202.822298	3687809.177674	225467.384270
2956	397153.499968	3688422.500005	251140.729852
2957	397301.499968	3688980.840192	331790.668415
2958	395776.567464	3687484.432508	189587.831673
2959	397170.499968	3688729.359961	173429.249964
2960	396608.524354	3688595.475618	182103.099470
2961	396180.340588	3687824.500005	226507.615953
2962	397303.499968	3688954.153900	332806.259896
2963	395751.980198	3687495.500005	192143.074752
2964	395873.499968	3688199.470567	197054.803721
2965	395290.499968	3687900.583266	177142.096256
2966	396154.482724	3687828.500005	230873.593683
2967	396631.499968	3688581.436079	195693.423808
2968	397307.118150	3688928.500005	337634.389112
2969	396133.695927	3687846.500005	231660.154714
2970	395884.834491	3688174.165481	198210.720048
2971	395746.404513	3687519.595459	193441.741820
2972	395252.499968	3686921.500005	251961.352959
2973	396650.394412	3688561.605560	199722.342491
2974	397320.422370	3688906.577602	343127.670955
2975	397155.499968	3688718.441130	179701.708787
2976	395899.499968	3688152.583266	199490.799228
2977	395735.499968	3687544.250221	201823.110708
2978	395247.658562	3686927.868740	252099.018431
2979	396109.666490	3687837.500005	232975.635619
2980	396677.344159	3688555.655813	200989.367564
2981	397331.736078	3688881.263894	345469.762433
2982	395906.499968	3688125.482761	201186.693173
2983	397168.499968	3688703.502097	182693.044732
2984	395718.948669	3687565.051303	204994.377907
2985	396700.364975	3688561.365012	202174.408344
2986	395242.817157	3686934.237476	253846.385482
2987	397346.034889	3688857.500005	348851.713858
2988	395896.002493	3688101.002530	202402.975431
2989	397180.499968	3688678.470567	186328.191476
2990	395705.499968	3687587.137523	206242.620655
2991	395236.650725	3686942.349247	254332.965865
2992	396725.092897	3688574.092934	206246.904796
2993	397358.070602	3688833.929370	349934.781228
2994	395877.595422	3688081.500005	203324.095486
2995	397181.499968	3688649.713208	189444.769967
2996	395689.499968	3687608.166960	206784.120580
2997	396753.681642	3688577.500005	221654.849500
2998	395217.265949	3686963.734023	270358.926237
2999	397371.499968	3688811.249355	354619.661833
3000	395853.394412	3688077.500005	211790.005626
3001	397181.370025	3688624.629947	190509.830137
3002	395675.017749	3687614.968823	207001.820906
3003	396779.367933	3688568.500005	222960.187201
3004	395211.609095	3686991.390878	271492.060342
3005	396967.499968	3688632.500005	255955.080524
3006	397384.698019	3688787.301953	358510.604291
3007	395837.697406	3688055.697443	220066.484111
3008	395665.499968	3687619.439038	207091.271745
3009	397178.499968	3688596.754839	202819.488308
3010	396803.568943	3688554.500005	224359.966140
3011	395214.499968	3687016.446181	282072.122322
3012	396978.399462	3688607.600510	260623.227254
3013	397391.499968	3688761.776267	361176.361181
3014	395842.252276	3688027.747696	224729.124752
3015	395664.279860	3687625.576770	207127.444954
3016	397176.499968	3688570.654334	204975.330965
3017	396831.497875	3688549.500005	225635.494806
3018	395211.931425	3687042.068547	287338.470861
3019	396980.499968	3688579.298994	261805.217628
3020	397385.499968	3688735.089975	366185.528690
3021	395188.499968	3687054.161909	288472.899921
3022	395836.499968	3688000.335574	231541.936037
3023	396093.499968	3688314.058446	243796.732210
3024	397170.499968	3688543.139615	207784.106919
3025	396857.690876	3688558.690913	226775.639030
3026	396969.499968	3688553.855344	265330.310880
3027	397394.810717	3688711.189255	368253.455214
3028	395828.477673	3687974.500005	237189.934881
3029	396094.499968	3688286.129514	244844.668577
3030	397170.499968	3688514.796469	208573.135323
3031	396881.125905	3688547.874067	230045.389606
3032	395194.499968	3687081.676628	289834.215484
3033	396966.677637	3688541.000005	265548.269486
3034	397383.461296	3688688.461333	370356.554607
3035	395413.499968	3687634.500005	156895.484633
3036	396089.711692	3688258.288280	248518.645600
3037	395812.342067	3687952.342104	238425.949709
3038	395179.499968	3687104.877638	291089.757181
3039	396905.586187	3688534.500005	230934.486293
3040	396963.855307	3688528.144666	265889.023278
3041	397370.499968	3688663.830090	373339.081374
3042	395415.014686	3687608.014723	161725.478656
3043	396959.352151	3688524.092875	266920.042534
3044	396106.560934	3688236.439038	249646.997917
3045	395800.590371	3687929.500005	241147.105228
3046	395171.454766	3687129.545207	293565.208651
3047	395400.165444	3687584.165481	163076.591624
3048	396117.499968	3688213.212775	250584.651781
3049	396952.978837	3688527.296440	267001.692527
3050	395778.714650	3687914.285322	242114.663857
3051	395163.499968	3687154.007581	296150.392828
3052	395374.997442	3687574.500005	165510.297152
3053	396113.499968	3688187.354910	251495.609482
3054	396946.605523	3688530.500005	267763.754594
3055	395757.499968	3687900.774175	244899.458352
3056	395149.134527	3687173.500005	296958.887169
3057	395349.830920	3687564.830957	168309.836437
3058	396096.499968	3688166.153900	256007.949299
3059	395744.499968	3687876.158951	246022.748623
3060	395327.981678	3687547.981715	169262.588141
3061	396103.815768	3688139.184204	258322.334118
3062	395732.499968	3687851.129514	247123.139148
3063	395311.718222	3687524.718259	169845.173491
3064	395300.041598	3687518.109132	170091.696747
3065	396117.957904	3688115.042068	260494.855731
3066	395710.681642	3687833.681679	247994.796007
3067	396925.499968	3688536.423886	251286.455614
3068	395288.364975	3687511.500005	170803.217003
3069	395712.075040	3687808.075077	248923.630871
3070	397195.499968	3688504.436079	229221.040038
3071	395699.347118	3687785.347155	249680.181271
3072	396120.499968	3688102.500005	267491.024252
3073	396134.642103	3688078.357869	270402.172045
3074	396140.370025	3688054.629947	271885.102891
3075	396158.805054	3688035.194918	272860.264687
3076	396362.499968	3688186.500005	266841.186047
3077	395684.274571	3687784.274608	276583.085531
3078	396183.546649	3688028.500005	278114.807432
3079	396360.295695	3688183.162164	266869.112312
3080	395685.840155	3687762.500005	276968.638573
3081	396181.423849	3688007.500005	279794.747127
3082	396358.091422	3688179.824323	267144.752497
3083	396166.499968	3687984.808662	281551.985751
3084	395676.779928	3687753.109871	277202.378315
3085	396353.682877	3688173.148641	267300.741671
3086	395269.499968	3687888.891924	303315.068166
3087	396346.943618	3688162.943655	268819.912447
3088	396328.558842	3688140.558879	270679.296480
3089	395667.719701	3687743.719738	278092.703976
3090	396305.881172	3688122.881210	277560.073114
3091	395264.499968	3687862.619846	308224.995051
3092	396294.499968	3688097.595459	278553.969509
3093	395255.607615	3687836.392357	309264.850347
3094	396291.960862	3688071.960899	279618.117274
3095	395265.214217	3687811.785755	310191.431349
3096	396285.230415	3688060.041635	279760.677549
3097	395254.460429	3687788.500005	311726.449310
3098	396281.865191	3688054.082003	280420.458319
3099	395254.499968	3687763.188388	313227.223890
3100	396278.499968	3688048.122371	280453.122581
3101	395258.499968	3687736.502097	316584.001629
3102	395254.137486	3687709.137523	317488.369398
3103	395679.232940	3687731.232977	310591.388643
3104	395249.004585	3687684.995387	332348.120687
3105	397367.499968	3688640.500005	563134.570924
3106	395667.491346	3687723.366491	310850.702196
3107	395266.499968	3687665.171144	335431.706294
3108	395655.749751	3687715.500005	311286.680753
3109	395267.499968	3687637.242212	336718.687334
3110	395632.120242	3687700.120279	311977.926314
3111	395284.499968	3687617.212775	339198.883957
3112	395608.856786	3687683.856823	312843.436528
3113	395291.499968	3687590.940697	342103.326345
3114	395585.007543	3687669.007581	313944.833859
3115	395304.623380	3687566.376592	342986.679624
3116	395562.259419	3687651.500005	315220.764271
3117	395300.598381	3687539.598418	343442.457500
3118	395540.237991	3687632.238028	316487.261110
3119	395291.549174	3687528.932508	344640.911467
3120	395518.146108	3687613.146145	317564.201656
3121	395663.499968	3687629.500005	326125.313792
3122	395282.499968	3687518.266599	344814.586618
3123	395496.347118	3687593.347155	318661.464335
3124	395659.562567	3687630.204901	327341.010522
3125	395474.255235	3687574.255272	320096.139972
3126	395655.625167	3687630.909797	327391.957207
3127	395647.750366	3687632.319590	327470.833218
3128	396276.499968	3688045.500005	303231.415303
3129	395643.445836	3687633.090212	327496.934465
3130	396273.973975	3688042.398495	303376.273366
3131	395639.508436	3687633.795108	327602.932258
3132	396271.447982	3688039.296986	303422.439488
3133	395635.571035	3687634.500005	327612.186954
3134	396266.395996	3688033.093967	303617.110611
3135	396258.943618	3688023.943655	304040.076477
3136	395634.401689	3687634.119242	327638.762585
3137	397364.499968	3688631.500005	649172.444068
3138	397349.013590	3688635.521459	649427.823194
3139	397340.186259	3688637.813713	650404.464693
3140	396926.117283	3688515.882689	521160.468691
3141	397321.499968	3688629.370062	653085.129070
3142	396935.308625	3688505.275654	521442.885452
3143	397315.044123	3688602.044160	654269.294633
3144	396944.499968	3688494.668619	522446.440060
3145	397310.051999	3688595.335841	654395.887000
3146	397305.275983	3688588.917923	654446.609415
3147	397302.887975	3688585.708964	654555.677301
3148	396956.401554	3688469.598418	533702.623725
3149	396960.835786	3688457.043355	533848.039766
3150	396963.499968	3688449.500005	536477.183933
3151	396953.499968	3688424.470567	536980.419244
3152	396953.499968	3688411.127422	537115.611424
3153	396953.499968	3688404.455849	537187.078700
3154	396953.499968	3688397.784276	537221.011412
3155	396954.499968	3688394.500005	539829.084265
3156	395276.499968	3687511.500005	518202.359498
3157	395258.529405	3687493.529442	530136.317720
3158	395251.955812	3687468.044160	531840.670407
3159	395237.240083	3687446.500005	534363.964853
3160	395243.118763	3687427.881210	536594.235359
3161	395231.567464	3687403.567501	537401.098286
3162	395215.222839	3687380.500005	537785.030094
3163	397300.499968	3688582.500005	811489.640226
3164	397292.881409	3688580.059192	812791.462336
3165	397285.262851	3688577.618379	813772.550215
3166	397274.014686	3688574.014723	814381.767832
3167	397251.629910	3688555.629947	819933.270985
3168	397237.499968	3688531.482761	820718.409973
3169	397226.499968	3688506.039110	823647.075201
3170	397216.180162	3688497.949752	824439.722125
3171	395215.766995	3687372.500005	553165.480485
3172	395201.467892	3687371.215675	553286.679998
3173	395193.499968	3687370.500005	556641.159665
3174	395172.499968	3687352.127422	558919.077213
3175	395156.387269	3687329.387306	567963.466756
3176	395138.123813	3687308.123850	571272.580649
3177	395105.499968	3687308.919269	574541.451242
3178	395088.182688	3687312.182725	577550.708638
3179	395068.333445	3687293.333482	581562.752999
3180	395057.726844	3687267.726881	584286.131065
3181	395044.499968	3687243.205632	589542.649921
3182	395025.907038	3687222.907075	590756.496704
3183	395003.117283	3687205.500005	591956.195045
3184	394978.208554	3687193.208591	598998.409695
3185	394955.129477	3687176.500005	602633.382043
3186	394933.499968	3687156.999571	603872.444251
3187	394911.296865	3687140.296902	608682.641988
3188	394888.254368	3687123.500005	611899.532406
3189	394867.648633	3687103.648670	614380.312663
3190	394856.907345	3687094.074337	614613.793921
3191	397205.860357	3688489.860394	1054037.234383
3192	397203.180162	3688476.384781	1054143.164009
3193	397201.840065	3688469.646974	1054476.191335
3194	397200.499968	3688462.909168	1054523.512019
3195	397199.499968	3688458.500005	1151894.621477
3196	397188.192356	3688451.000005	1152355.579555
3197	397176.884744	3688443.500005	1152666.187676
3198	397164.192356	3688438.000005	1152962.494539
3199	397151.499968	3688432.500005	1404315.038395
3200	397137.499968	3688439.500005	1410878.654861
3201	397109.985249	3688437.500005	1411898.013491
3202	397085.541598	3688425.500005	1420266.532653
3203	397069.499968	3688405.097984	1422604.101013
3204	397049.366454	3688386.366491	1426812.265627
3205	397029.281713	3688369.500005	1445811.359035
3206	397000.938568	3688373.500005	1451656.001742
3207	396972.567464	3688377.432508	1452856.751730
3208	396964.156678	3688379.203429	1453908.942929
3209	396948.499968	3688382.500005	1994552.357784
3210	396934.964434	3688378.964471	1995214.063731
3211	396921.428900	3688375.428937	1998931.041901
3212	396895.822298	3688364.822335	2000256.699387
3213	396869.269520	3688356.500005	2015535.833885
3214	396861.499968	3688332.997479	2021431.353148
3215	396859.499968	3688303.825906	2033797.370602
3216	396847.002493	3688279.002530	2036601.667279
3217	396820.938568	3688269.500005	2037343.074978
3218	396806.974102	3688267.000005	2037660.315466
3219	396793.009636	3688264.500005	2043640.871661
3220	396774.499968	3688255.500005	2046384.243579
3221	396758.499968	3688244.500005	2203507.560934
3222	396734.298957	3688230.500005	2212359.660433
3223	396709.458337	3688233.541635	2214504.449694
3224	396685.437522	3688230.562450	2220973.994279
3225	396657.068510	3688228.500005	2222122.437833
3226	396629.553791	3688222.500005	2226621.998699
3227	396604.499968	3688212.867537	2235299.189105
3228	396581.252276	3688198.500005	2236796.294928
3229	396570.376122	3688189.982761	2236898.285187
3230	396564.938045	3688185.724139	2238379.234841
3231	396563.346359	3688179.597853	2345998.877180
3232	396559.499968	3688178.500005	2346153.068973
3233	396552.575179	3688174.494096	2346499.664604
3234	396545.650391	3688170.488187	2347772.930282
3235	396535.298957	3688164.500005	2347942.124654
3236	396527.382362	3688161.374894	2349049.191386
3237	396519.941165	3688158.437449	2349173.788665
3238	396516.220566	3688156.968727	2349195.663563
3239	396512.499968	3688155.500005	2495183.011207
3240	396508.668430	3688154.351389	2495221.059963
3241	396504.836892	3688153.202773	2498011.871796
3242	396497.173817	3688150.905541	2498211.837491
3243	396485.813676	3688147.500005	2499468.868524
3244	396460.993871	3688138.993908	2503693.150639
3245	396434.801483	3688129.801520	2507254.704016
3246	396406.169015	3688126.500005	2509665.217153
3247	396394.754802	3688103.245171	2511512.239787
3248	396375.110141	3688089.500005	2513012.856451
3249	396376.627818	3688066.627855	2619022.518048
3250	396362.482724	3688066.563930	2620168.817368
3251	396348.337629	3688066.500005	2620281.019073
3252	396344.078976	3688065.060986	2620630.991323
3253	396336.499968	3688062.500005	2623173.733688
3254	396328.999968	3688050.606606	2623562.152145
3255	396321.499968	3688038.713208	2625446.258319
3256	396299.340588	3688021.500005	2648967.147791
3257	396273.068510	3688014.500005	2649472.981284
3258	396259.499968	3688006.500005	2958239.251755
3259	396236.822298	3687988.822335	2962166.410801
3260	396210.683734	3687981.500005	2963172.019928
3261	396183.997442	3687973.500005	2963961.996633
3262	396164.499968	3687964.500005	3246263.812946
3263	396139.884744	3687951.500005	3252309.491951
3264	396127.499968	3687928.612703	3253336.653544
3265	396117.499968	3687902.754839	3253837.692259
3266	396114.499968	3687889.500005	3287067.797565
3267	396102.893366	3687864.893403	3287989.596295
3268	396097.499968	3687855.500005	3521626.727957
3269	396074.884744	3687842.500005	3523252.767576
3270	396049.165444	3687832.165481	3527584.339573
3271	396023.973056	3687821.973093	3528485.465131
3272	395997.068510	3687814.500005	3528978.520910
3273	395982.689830	3687813.000005	3529594.303077
3274	395968.311151	3687811.500005	3529814.051619
3275	395955.490339	3687811.944999	3529880.362254
3276	395951.492746	3687812.083750	3529908.038080
3277	395947.495153	3687812.222502	3529924.451946
3278	395946.161872	3687815.161909	3571823.896512
3279	395944.304644	3687814.419815	3571875.018793
3280	395942.447417	3687813.677720	3571885.690828
3281	395941.357195	3687813.242099	3572051.139995
3282	395939.499968	3687812.500005	3572332.000517
3283	395932.541684	3687808.552564	3572509.433330
3284	395925.583401	3687804.605122	3574127.451340
3285	395915.499968	3687798.884781	3575891.525160
3286	395900.215696	3687775.215733	3576870.047436
3287	395887.194881	3687751.194918	3584480.076991
3288	395870.052745	3687730.052782	3586673.076569
3289	395845.324823	3687739.675149	3589211.478955
3290	395819.132435	3687736.132472	3591816.028643
3291	395799.499968	3687714.850293	3593978.893405
3292	395775.605523	3687708.394449	3597213.261931
3293	395750.205595	3687701.500005	3598437.022108
3294	395722.690876	3687703.500005	3600616.196292
3295	395698.028359	3687694.028396	3601475.294932
3296	395681.472010	3687671.472047	3601890.112299
3297	395669.572821	3687663.986026	3604039.117949
3298	395657.673632	3687656.500005	3604487.766366
3299	395646.309365	3687647.722570	3604639.657205
3300	395640.627231	3687643.333852	3605094.937539
3301	395634.945098	3687638.945135	3605136.672211
3302	395633.319254	3687635.324496	3605146.570150
3303	395632.499968	3687633.500005	3932795.888150
3304	395629.826870	3687631.076908	3932969.990788
3305	395627.153773	3687628.653811	3934262.755130
3306	395621.807579	3687623.807616	3934756.824050
3307	395611.115191	3687614.115228	3936067.142878
3308	395588.499968	3687597.583266	3941411.529187
3309	395575.830920	3687572.830957	3943621.205408
3310	395570.499968	3687546.695964	3947210.908476
3311	395552.667969	3687526.332003	3956542.749247
3312	395529.990300	3687544.009673	3957721.232184
3313	395501.850256	3687548.500005	3960170.356508
3314	395474.969484	3687540.969521	4281263.722909
3315	395454.877601	3687519.877638	4285885.306626
3316	395438.321252	3687497.321289	4286799.042992
3317	395417.229369	3687477.229406	4288780.105764
3318	395419.572515	3687461.572552	4291954.631717
3319	395432.229369	3687458.843150	4292227.601420
3320	395444.886223	3687456.113749	4342127.004925
3321	395461.240083	3687432.500005	4349448.038930
3322	395450.060628	3687424.690607	4349699.701470
3323	395438.881172	3687416.881210	4350327.434681
3324	395434.499968	3687414.500005	4459089.895827
3325	395419.173817	3687409.905541	4459669.462558
3326	395407.813676	3687406.500005	4460556.692546
3327	395393.989750	3687401.311259	4460745.428261
3328	395386.499968	3687398.500005	4462612.853236
3329	395378.836892	3687396.202773	4462715.210986
3330	395371.173817	3687393.905541	4462873.218958
3331	395359.813676	3687390.500005	4464192.129107
3332	395339.337017	3687370.337054	4468954.479321
3333	395314.240083	3687358.500005	4470187.486472
3334	395289.002493	3687361.002530	4470887.582665
3335	395275.395891	3687338.395928	4471824.604728
3336	395262.499968	3687313.737595	4472816.730211
3337	395252.061367	3687288.061404	4473635.739462
3338	395231.092897	3687270.500005	4474494.209717
3339	395210.655776	3687251.655813	4475235.644839
3340	395194.499968	3687234.500005	4475593.449668
3341	395188.032198	3687225.092340	4475728.214694
3342	395183.499968	3687218.500005	4547876.145810
3343	395181.499968	3687215.500005	4577338.960484
3344	395166.577034	3687209.728865	4577608.385259
3345	395155.642103	3687205.500005	4578654.311558
3346	395132.220747	3687193.779225	4876172.799621
3347	395113.499968	3687205.500005	4879314.930844
3348	395095.713171	3687184.500005	4880398.293498
3349	395083.610880	3687177.504316	4881936.357048
3350	395071.508589	3687170.508627	4882118.395461
3351	395066.499968	3687164.500005	4895104.310899
3352	395054.914961	3687153.464262	4895616.640379
3353	395045.408084	3687144.408122	4897292.551915
3354	395035.508589	3687133.508627	4898255.270534
3355	395025.609095	3687122.609132	4903101.879089
3356	395000.210646	3687113.500005	4907062.711434
3357	394971.174066	3687111.174103	4908204.900568
3358	394955.617717	3687087.617754	4934250.476419
3359	394926.494917	3687089.500005	4934873.588714
3360	394912.530451	3687090.000005	4935693.339301
3361	394898.565985	3687090.500005	4936412.498662
3362	394893.499968	3687087.500005	4937692.219712
3363	394885.505091	3687087.786262	4938107.339341
3364	394877.510214	3687088.072520	4938681.699159
3365	394865.571035	3687088.500005	4938873.603201
3366	394853.782453	3687081.746956	5553596.667510
3367	394847.888162	3687078.370432	5558187.231610
3368	394841.780706	3687079.509480	5558996.691262
3369	394839.140337	3687076.504742	5559048.400929
3370	394837.820152	3687075.002374	5559052.378869
3371	394836.499968	3687073.500005	5559092.486728
3372	394830.817987	3687069.818024	5561777.555532
3373	394825.136006	3687066.136044	5561938.566026
3374	394813.772045	3687058.772083	5566258.987054
3375	394791.973056	3687038.973093	5568362.658725
3376	394771.881172	3687017.881210	5571642.273484
3377	394756.499968	3686996.009673	5573244.215347
3378	394736.051266	3686976.500005	5574492.974774
3379	394724.692356	3686968.416743	5577070.995642
3380	394713.333445	3686960.333482	5577694.576088
3381	394701.408824	3686952.908861	5578565.970592
3382	394689.484203	3686945.484240	5585101.277666
3383	394666.634960	3686929.634998	5589911.682170
3384	394641.028359	3686921.028396	5592825.134741
3385	394617.764903	3686904.764940	5595847.139784
3386	394596.673020	3686884.673057	5599276.815382
3387	394572.823777	3686869.823814	5601650.477851
3388	394551.413748	3686850.500005	5603584.808060
3389	394541.456858	3686839.891924	5604419.389003
3390	394531.499968	3686829.283843	5606033.353830
3391	394510.790769	3686810.790806	5609843.880697
3392	394485.053358	3686800.500005	5611734.225971
3393	394473.781280	3686791.500005	5612566.057878
3394	394462.509202	3686782.500005	5614589.199474
3395	394440.414614	3686763.414651	5616997.972922
3396	394423.393799	3686743.393836	5618088.000089
3397	394405.999968	3686729.000005	5630056.872211
3398	394342.623660	3686732.638062	5630056.872211
